2.5501 1.8202 0.7241 -0.53788 0.10347 0.20596 -0.09819 -2.8258 -0.66731 0.33148
2.5439 1.6454 0.73674 -0.5427 0.10347 0.20596 -0.09819 -2.8258 -0.66731 0.33148
2.5584 1.5953 1.1713 -0.5599 -0.21181 0.2185 -0.10058 -2.3354 -0.66731 0.33148
2.5459 1.4294 1.1704 -0.56745 -0.39624 0.46765 -0.10058 -2.2427 -0.66731 0.33148
2.558 1.504 -0.080508 -0.56861 -0.26539 0.40973 -0.086235 -2.4831 -0.66731 0.33148
2.5731 1.3801 -0.075359 -0.56719 -0.43265 0.21375 -0.086235 -2.5525 -0.66731 0.33148
2.5477 1.3801 0.18082 -0.56978 -0.43265 0.21375 -0.09819 -2.293 -0.66731 0.33148
2.5733 1.6636 0.16769 -0.56847 -0.39624 0.48201 -0.09819 -2.2315 -0.66731 0.33148
2.5439 1.8948 0.18837 -0.56932 -0.26539 0.67774 -0.09819 -2.293 -0.66731 0.33148
2.5517 1.2143 1.1828 -0.56618 -1.0268 0.68009 -0.10058 -2.2427 -0.66731 0.33148
2.3039 2.0525 1.139 -0.55873 0.10347 0.43454 -0.09819 -2.4374 -0.66731 0.33148
2.5472 1.409 1.1763 -0.56233 -0.15107 0.18741 -0.10058 -2.3354 -0.66731 0.33148
2.5467 1.5168 -0.011857 -0.42401 -0.26539 0.40024 -0.091017 -2.6652 -0.66731 0.33148
2.4432 1.6826 -0.076819 -0.56797 -0.26539 0.87371 -0.086235 -2.5199 -0.66731 0.33148
2.5985 1.3848 -0.075681 -0.56733 -0.62859 0.61861 -0.086235 -2.5525 -0.66731 0.33148
2.5532 1.3755 0.16935 -0.56882 -0.69216 0.64366 -0.09819 -2.2315 -0.66731 0.33148
2.5539 1.5953 1.1678 -0.56053 -0.21181 0.2185 -0.10058 -2.3354 -0.66731 0.33148
2.5503 0.88537 0.73157 -0.54422 -1.3741 0.73076 -0.09819 -2.8258 -0.66731 0.33148
2.5474 1.5723 1.1705 -0.56223 0.0019709 0.10909 -0.10058 -2.3354 -0.66731 0.33148
2.5453 1.1647 -0.076273 -0.56679 -0.49774 0.53808 -0.086235 -2.5525 -0.66731 0.33148
2.546 1.4294 0.16285 -0.5675 -0.39624 0.46765 -0.095799 -2.2645 -0.66731 0.33148
2.5464 1.3848 0.18161 -0.56754 -0.62859 0.61861 -0.095799 -2.2645 -0.66731 0.33148
2.5461 1.3755 1.1636 -0.55672 -0.69216 0.64366 -0.10058 -2.3354 -0.66731 0.33148
2.5481 1.673 1.17 -0.56587 0.10347 0.20596 -0.10058 -2.3354 -0.66731 0.33148
2.5468 1.414 0.17791 -0.56944 -0.71152 0.65443 -0.09819 -2.293 -0.66731 0.33148
2.5482 1.1647 0.18928 -0.56781 -0.49774 0.53808 -0.095799 -2.3232 -0.66731 0.33148
2.5477 1.1486 0.70633 -0.53973 0.10347 0.057143 -0.09819 -2.8258 -0.66731 0.33148
2.5479 1.3278 0.15962 -0.56729 -0.26539 0.24156 -0.095799 -2.2645 -0.66731 0.33148
2.5456 1.3755 0.16103 -0.56741 -0.69216 0.64366 -0.095799 -2.2645 -0.66731 0.33148
2.5461 0.87173 0.69762 -0.53853 -0.39624 0.099192 -0.09819 -2.8258 -0.66731 0.33148
2.5478 1.1036 0.66284 -0.54507 0.10347 0.057143 -0.09819 -2.7562 -0.66731 0.33148
2.548 1.5506 1.1734 -0.5671 -0.65078 0.92797 -0.10058 -2.2427 -0.66731 0.33148
2.387 1.6389 -0.1395 -0.56737 -0.26944 0.85613 -0.080872 -2.5777 -0.68133 0.31967
2.4891 1.2164 0.0764 -0.56676 -0.26944 0.21915 -0.091488 -2.3448 -0.68133 0.31967
2.4897 2.1512 0.99821 -0.55677 0.23309 0.35559 -0.096796 -2.4094 -0.68133 0.31967
2.4892 1.5069 1.0021 -0.56659 -0.65701 0.91089 -0.096796 -2.3249 -0.68133 0.31967
2.4866 1.046 -0.139 -0.56632 -0.50311 0.34363 -0.080872 -2.6074 -0.68133 0.31967
2.5136 1.2564 -0.13817 -0.56667 -0.43765 0.096027 -0.080872 -2.6074 -0.68133 0.31967
2.488 1.341 0.093102 -0.56867 -0.71809 0.635 -0.094142 -2.3708 -0.68133 0.31967
2.4872 1.3272 0.079348 -0.56694 -0.40103 0.44646 -0.091488 -2.3448 -0.68133 0.31967
2.2511 2.0088 0.97074 -0.55916 0.10149 0.41285 -0.094142 -2.5025 -0.68133 0.31967
2.488 1.4358 -0.080181 -0.43966 -0.26944 0.21468 -0.08618 -2.7102 -0.68133 0.31967
2.4886 1.493 0.99945 -0.56227 -0.00057722 0.08537 -0.096796 -2.4094 -0.68133 0.31967
2.4874 0.75345 0.56767 -0.54124 -0.40103 -0.068564 -0.094142 -2.8567 -0.68133 0.31967
2.4877 1.341 0.096478 -0.56698 -0.6347 0.59884 -0.091488 -2.3448 -0.68133 0.31967
2.4912 1.7765 0.59185 -0.54067 0.10149 0.1823 -0.094142 -2.8567 -0.68133 0.31967
2.4893 1.5758 0.99904 -0.5655 0.10149 0.032913 -0.096796 -2.4094 -0.68133 0.31967
2.489 1.0944 0.53591 -0.54705 0.10149 -0.074528 -0.094142 -2.7932 -0.68133 0.31967
2.4894 1.046 0.10349 -0.56722 -0.50311 0.34363 -0.091488 -2.3983 -0.68133 0.31967
2.4852 1.5515 0.6034 -0.54495 0.10149 0.1823 -0.094142 -2.8567 -0.68133 0.31967
2.4872 1.3272 0.99943 -0.5669 -0.40103 0.44646 -0.096796 -2.3249 -0.68133 0.31967
2.4989 1.5437 -0.14287 -0.56793 -0.26944 0.38799 -0.080872 -2.5441 -0.68133 0.31967
2.4942 1.3094 0.085283 -0.56812 -0.69863 0.44241 -0.094142 -2.3147 -0.68133 0.31967
2.5138 1.4666 0.083769 -0.56781 -0.40103 0.29118 -0.094142 -2.3147 -0.68133 0.31967
2.4889 1.2564 0.095757 -0.56897 -0.43765 0.096027 -0.094142 -2.3708 -0.68133 0.31967
2.4993 1.5515 1.0002 -0.56021 -0.21557 0.19586 -0.096796 -2.4094 -0.68133 0.31967
2.495 1.5515 0.99705 -0.56076 -0.21557 0.19586 -0.096796 -2.4094 -0.68133 0.31967
2.4897 1.5069 -0.19788 -0.56917 -0.65701 0.91089 -0.088834 -2.3721 -0.68133 0.31967
2.4897 2.1512 0.99346 -0.56021 0.23309 0.35559 -0.096796 -2.4094 -0.68133 0.31967
2.4874 1.3094 0.99313 -0.55739 -0.69863 0.44241 -0.096796 -2.4094 -0.68133 0.31967
2.4851 1.851 0.10266 -0.56856 -0.26944 0.65833 -0.094142 -2.3708 -0.68133 0.31967
2.4928 1.1183 1.0107 -0.56578 -1.0352 0.51884 -0.096796 -2.3249 -0.68133 0.31967
2.5384 1.341 -0.13846 -0.56679 -0.6347 0.59884 -0.080872 -2.6074 -0.68133 0.31967
2.4884 1.3505 1.0048 -0.56236 -0.15449 0.049558 -0.096796 -2.4094 -0.68133 0.31967
2.4889 1.1674 0.57562 -0.54231 0.10149 0.032913 -0.094142 -2.8567 -0.68133 0.31967
2.4915 0.83478 0.59867 -0.5463 -1.3844 0.71022 -0.094142 -2.8567 -0.68133 0.31967
2.4976 0.96536 0.99803 -0.55814 0.23309 0.48113 -0.096796 -2.4094 -0.68133 0.31967
2.4868 1.3094 0.077685 -0.56687 -0.69863 0.44241 -0.091488 -2.3448 -0.68133 0.31967
2.5252 1.6006 -0.22814 -0.56597 -0.29598 0.33663 -0.092097 -2.7145 -0.6786 0.27687
2.522 1.4082 -0.17685 -0.45698 -0.29598 0.16143 -0.098509 -2.8722 -0.6786 0.27687
2.5224 1.1341 0.83657 -0.55701 -0.72178 0.26113 -0.10172 -2.5867 -0.6786 0.27687
2.5301 1.4431 0.84013 -0.55988 -0.24253 0.1423 -0.10172 -2.5867 -0.6786 0.27687
2.5327 0.93908 0.84102 -0.55765 0.20259 0.4296 -0.10172 -2.5867 -0.6786 0.27687
2.4515 1.8021 -0.0037561 -0.56682 0.072036 0.12761 -0.098509 -2.557 -0.6786 0.27687
2.5961 1.2724 -0.22108 -0.565 -0.65835 0.36912 -0.092097 -2.7746 -0.6786 0.27687
2.5232 2.0897 0.83434 -0.55852 0.072036 0.36244 -0.10172 -2.675 -0.6786 0.27687
2.5248 2.0897 0.83687 -0.55941 0.20259 0.30423 -0.10172 -2.5867 -0.6786 0.27687
2.5248 2.0897 0.84119 -0.55648 0.20259 0.30423 -0.10172 -2.5867 -0.6786 0.27687
2.523 0.98715 -0.22317 -0.5646 -0.5278 0.29253 -0.092097 -2.7746 -0.6786 0.27687
2.5344 1.4431 0.843 -0.5594 -0.24253 0.1423 -0.10172 -2.5867 -0.6786 0.27687
2.3709 1.7381 -0.22434 -0.56549 -0.29598 0.81301 -0.092097 -2.7464 -0.6786 0.27687
3.2266 0.34523 -0.39804 0.010568 2.3133 -0.44376 -0.056636 2.045 -0.30102 -0.22785
4.6003 1.0615 -0.61558 -0.11702 1.901 0.33181 -0.032961 2.2725 -0.30012 -0.22509
3.2898 0.29656 -0.18302 0.071303 2.289 -0.44399 -0.052962 2.0404 -0.30012 -0.22509
4.6224 1.1668 -0.26419 -0.13115 1.9076 0.33232 -0.059901 2.1494 -0.2862 -0.195
3.4717 0.35808 -0.17748 -0.012875 2.2315 -0.39889 -0.053427 2.0126 -0.2862 -0.195
3.9687 0.48018 -0.3145 -0.038799 2.3031 -0.38925 -0.059778 1.5755 -0.33136 -0.15612
2.5138 -0.00885 0.79326 -0.50935 0.079853 0.22023 -0.10248 -2.6423 -0.63392 0.31042
2.5091 -0.0088501 -0.047787 -0.53788 -0.51301 0.55331 -0.091102 -2.3563 -0.63392 0.31042
2.5141 -0.0088501 0.8011 -0.51561 -1.3772 0.74495 -0.10248 -2.6423 -0.63392 0.31042
2.4083 -0.00885 -0.048362 -0.53904 -0.28388 0.89207 -0.091102 -2.3222 -0.63392 0.31042
2.5099 -0.0088501 0.76543 -0.50999 -0.41292 0.20727 -0.10248 -2.6423 -0.63392 0.31042
2.5078 -0.00885 0.80654 -0.51411 0.079853 0.22023 -0.10248 -2.6423 -0.63392 0.31042
2.5616 -0.0088501 -0.047166 -0.5384 -0.64205 0.63406 -0.091102 -2.3563 -0.63392 0.31042
3.928 -0.0088501 -0.42264 -0.030945 1.7617 -0.052937 -0.091102 1.5796 -0.49969 -0.14297
2.5497 1.6196 0.17013 -0.56818 0.0019709 0.26203 -0.095799 -2.2645 -0.66731 0.33148
2.5485 1.7572 0.15033 -0.56976 0.10347 0.057143 -0.09819 -2.3011 -0.66731 0.33148
2.5472 1.2532 0.075779 -0.56428 0.0019709 -0.084153 -0.095799 -2.3232 -0.66731 0.33148
2.5475 2.1319 -0.14308 -0.57011 -0.080959 0.57378 -0.093408 -2.2535 -0.66731 0.33148
2.547 0.8445 0.16299 -0.56732 -0.9551 0.35565 -0.095799 -2.2645 -0.66731 0.33148
2.5491 1.628 -0.14245 -0.57018 -0.080959 0.38013 -0.093408 -2.2945 -0.66731 0.33148
2.5471 1.2174 -0.28721 -0.50291 -0.39624 0.31288 -0.079062 -2.5756 -0.66731 0.33148
2.5471 2.195 0.17055 -0.5688 0.10347 0.45914 -0.09819 -2.2315 -0.66731 0.33148
2.5499 1.3278 0.16099 -0.56822 -0.26539 0.24156 -0.09819 -2.2315 -0.66731 0.33148
2.5468 2.195 -0.11081 -0.35942 0.10347 0.45914 -0.09819 -2.3049 -0.66731 0.33148
2.5469 1.4242 0.15291 -0.56927 0.10347 0.057143 -0.09819 -2.3011 -0.66731 0.33148
2.5473 0.8445 0.1503 -0.5699 -0.9551 0.35565 -0.09819 -2.3011 -0.66731 0.33148
2.5474 0.82971 0.16595 -0.56789 -0.43265 -0.081686 -0.095799 -2.2645 -0.66731 0.33148
2.5472 1.3755 -0.12111 -0.56998 -0.080959 -0.04597 -0.093408 -2.2481 -0.66731 0.33148
2.5504 0.33178 1.1731 -0.565 -1.0454 0.17032 -0.10058 -2.3354 -0.66731 0.33148
2.0654 2.195 0.16112 -0.56906 0.10347 0.43454 -0.09819 -2.3011 -0.66731 0.33148
2.5566 1.0224 1.1689 -0.55757 0.23432 0.49746 -0.10058 -2.3354 -0.66731 0.33148
2.5482 2.1622 0.16052 -0.56793 0.0019709 0.52223 -0.095799 -2.2645 -0.66731 0.33148
2.548 0.82971 0.16248 -0.56768 -0.43265 -0.081686 -0.095799 -2.2645 -0.66731 0.33148
2.5254 1.409 0.17009 -0.56885 -0.15107 0.18741 -0.09819 -2.2315 -0.66731 0.33148
2.6233 0.94657 0.18508 -0.56801 -0.15107 -0.19807 -0.095799 -2.2645 -0.66731 0.33148
2.5523 0.33178 0.18558 -0.56827 -1.0454 0.17032 -0.095799 -2.3232 -0.66731 0.33148
2.5542 1.414 -0.35396 -0.53353 -0.71152 0.65443 -0.088626 -2.2971 -0.66731 0.33148
2.5473 0.8445 0.16858 -0.56909 -0.9551 0.35565 -0.09819 -2.2315 -0.66731 0.33148
2.5481 2.195 1.1704 -0.56532 0.23432 0.37781 -0.10058 -2.2427 -0.66731 0.33148
2.5482 1.3848 -0.14407 -0.56941 -0.62859 0.61861 -0.093408 -2.2535 -0.66731 0.33148
2.5487 0.83458 1.1761 -0.56427 -0.21181 -0.11999 -0.10058 -2.3354 -0.66731 0.33148
2.5485 2.195 1.1639 -0.55991 0.23432 0.37781 -0.10058 -2.3354 -0.66731 0.33148
2.5485 1.3403 0.15002 -0.5701 0.10347 -0.13088 -0.09819 -2.3011 -0.66731 0.33148
2.5198 0.87173 0.16274 -0.56864 -0.39624 0.099192 -0.09819 -2.2315 -0.66731 0.33148
2.5473 2.1319 -0.12822 -0.56983 -0.080959 0.57378 -0.093408 -2.2945 -0.66731 0.33148
2.5449 0.8445 -0.14928 -0.57013 -0.9551 0.35565 -0.093408 -2.2535 -0.66731 0.33148
2.5483 2.1319 -0.15162 -0.5701 -0.080959 0.57378 -0.093408 -2.2535 -0.66731 0.33148
2.5471 0.68035 -0.12215 -0.56991 -0.76509 0.11607 -0.093408 -2.2481 -0.66731 0.33148
2.5472 1.1433 1.1701 -0.56537 0.23432 -0.11045 -0.10058 -2.2427 -0.66731 0.33148
2.548 0.83458 0.17605 -0.56958 -0.21181 -0.11999 -0.09819 -2.293 -0.66731 0.33148
2.5519 0.33178 -0.071888 -0.56739 -1.0454 0.17032 -0.086235 -2.5525 -0.66731 0.33148
1.8177 1.4294 0.15564 -0.56854 -0.39624 0.46765 -0.09819 -2.3011 -0.66731 0.33148
2.5516 2.1319 -0.12337 -0.56987 -0.080959 0.57378 -0.093408 -2.2481 -0.66731 0.33148
2.5469 2.195 0.17942 -0.56952 0.10347 0.45914 -0.09819 -2.293 -0.66731 0.33148
2.549 1.5436 0.1838 -0.56812 0.0019709 0.10909 -0.095799 -2.2645 -0.66731 0.33148
2.5481 1.6196 0.16782 -0.568 0.0019709 0.10909 -0.095799 -2.2645 -0.66731 0.33148
2.5481 2.1622 0.1632 -0.56775 0.0019709 0.52223 -0.095799 -2.2645 -0.66731 0.33148
2.5519 1.0547 1.1774 -0.56084 0.23432 -0.25605 -0.10058 -2.3354 -0.66731 0.33148
2.5465 2.195 0.15029 -0.56982 0.10347 0.45914 -0.09819 -2.3011 -0.66731 0.33148
2.4739 1.9115 0.1507 -0.56974 0.10347 0.20596 -0.09819 -2.3011 -0.66731 0.33148
2.5473 0.82971 1.1674 -0.55519 -0.43265 -0.081686 -0.10058 -2.3354 -0.66731 0.33148
2.5742 0.68035 -0.33343 -0.5408 -0.76509 0.11607 -0.076672 -2.4731 -0.66731 0.33148
2.5478 0.33178 1.1769 -0.56489 -1.0454 0.17032 -0.10058 -2.3354 -0.66731 0.33148
2.5485 1.4737 -0.13869 -0.56977 -0.15107 0.18741 -0.093408 -2.2945 -0.66731 0.33148
2.5482 2.195 0.16931 -0.56928 0.10347 0.45914 -0.09819 -2.293 -0.66731 0.33148
2.5485 2.195 1.1691 -0.55602 0.23432 0.37781 -0.10058 -2.3354 -0.66731 0.33148
2.5483 2.195 0.19294 -0.56919 0.10347 0.45914 -0.09819 -2.293 -0.66731 0.33148
2.5546 0.33178 0.19279 -0.56802 -1.0454 0.17032 -0.095799 -2.3232 -0.66731 0.33148
2.549 0.8062 0.15846 -0.56807 -0.15107 -0.018734 -0.09819 -2.2315 -0.66731 0.33148
2.5493 1.3755 -0.35495 -0.52739 -0.69216 0.64366 -0.088626 -2.2256 -0.66731 0.33148
2.5482 2.1622 0.172 -0.56796 0.0019709 0.50272 -0.095799 -2.2645 -0.66731 0.33148
2.1594 1.8948 0.15937 -0.56948 -0.26539 0.67774 -0.095799 -2.2645 -0.66731 0.33148
2.5466 1.7026 -0.12292 -0.56803 -0.15107 0.34052 -0.091017 -2.2761 -0.66731 0.33148
2.5486 1.162 -0.35528 -0.52693 -0.26539 0.24591 -0.088626 -2.2604 -0.66731 0.33148
2.5479 1.2143 -0.39468 -0.50761 -1.0268 0.68009 -0.086235 -2.3081 -0.66731 0.33148
2.5485 1.5506 -0.14075 -0.57001 -0.65078 0.92797 -0.093408 -2.2945 -0.66731 0.33148
2.5439 1.0166 0.17305 -0.56857 0.10347 -0.13088 -0.09819 -2.2315 -0.66731 0.33148
2.4893 2.1512 0.99939 -0.56501 0.23309 0.35559 -0.096796 -2.3249 -0.68133 0.31967
2.4671 1.3505 0.085964 -0.56815 -0.15449 0.049558 -0.094142 -2.3147 -0.68133 0.31967
2.4891 1.1183 -0.42975 -0.51382 -1.0352 0.51884 -0.080872 -2.3845 -0.68133 0.31967
2.4897 1.3317 -0.196 -0.56896 -0.15449 0.049558 -0.088834 -2.3721 -0.68133 0.31967
2.4894 2.1512 0.085247 -0.56853 0.10149 0.43768 -0.094142 -2.3708 -0.68133 0.31967
2.4883 1.1583 -0.33162 -0.50965 -0.40103 0.29118 -0.072911 -2.6285 -0.68133 0.31967
2.4904 1.3094 -0.39347 -0.53136 -0.69863 0.44241 -0.083526 -2.3093 -0.68133 0.31967
2.4886 0.77525 0.082185 -0.56729 -0.43765 -0.15905 -0.091488 -2.3448 -0.68133 0.31967
2.4894 1.9423 -0.2078 -0.56926 -0.083975 0.28514 -0.088834 -2.3347 -0.68133 0.31967
2.4897 1.0768 -0.39377 -0.53096 -0.26944 0.22355 -0.083526 -2.341 -0.68133 0.31967
2.4894 2.1185 0.087709 -0.56735 -0.00057722 0.48167 -0.091488 -2.3448 -0.68133 0.31967
2.4882 0.7479 0.079476 -0.56678 -0.96305 0.24996 -0.091488 -2.3448 -0.68133 0.31967
2.4953 1.341 -0.39257 -0.53682 -0.71809 0.635 -0.083526 -2.3745 -0.68133 0.31967
2.4897 1.272 0.067639 -0.56925 0.10149 -0.15529 -0.094142 -2.3781 -0.68133 0.31967
2.4902 1.5437 -0.19943 -0.56933 -0.083975 0.19586 -0.088834 -2.3721 -0.68133 0.31967
2.4878 2.1512 0.067885 -0.569 0.10149 0.43768 -0.094142 -2.3781 -0.68133 0.31967
2.493 0.30378 -0.135 -0.56685 -1.0538 0.1449 -0.080872 -2.6074 -0.68133 0.31967
2.4885 1.8196 -0.18644 -0.56901 -0.083975 0.12823 -0.088834 -2.3721 -0.68133 0.31967
2.4617 0.75345 0.079254 -0.56796 -0.40103 -0.068564 -0.094142 -2.3147 -0.68133 0.31967
2.488 2.1512 -0.17054 -0.38236 0.10149 0.43768 -0.094142 -2.3816 -0.68133 0.31967
2.491 1.2164 0.077649 -0.56759 -0.26944 0.21915 -0.094142 -2.3147 -0.68133 0.31967
2.4892 0.77525 0.079014 -0.56711 -0.43765 -0.15905 -0.091488 -2.3448 -0.68133 0.31967
2.4884 1.1705 -0.00015734 -0.56409 -0.00057722 -0.23994 -0.091488 -2.3983 -0.68133 0.31967
2.4892 1.6487 0.083885 -0.56739 -0.00057722 0.08537 -0.091488 -2.3448 -0.68133 0.31967
2.4927 2.0882 -0.18201 -0.56905 -0.083975 0.55339 -0.088834 -2.3298 -0.68133 0.31967
2.4881 1.3226 0.07027 -0.56851 0.10149 0.032913 -0.094142 -2.3781 -0.68133 0.31967
2.4915 0.30378 1.0018 -0.56473 -1.0538 0.1449 -0.096796 -2.4094 -0.68133 0.31967
2.493 0.97102 1.0058 -0.56103 0.23309 -0.28097 -0.096796 -2.4094 -0.68133 0.31967
1.7768 1.3272 0.072771 -0.56787 -0.40103 0.44646 -0.094142 -2.3781 -0.68133 0.31967
2.4884 1.3317 -0.17994 -0.56914 -0.083975 -0.069458 -0.088834 -2.3298 -0.68133 0.31967
2.1101 1.851 0.076177 -0.5687 -0.26944 0.65833 -0.091488 -2.3448 -0.68133 0.31967
2.4895 2.1512 0.10682 -0.56845 0.10149 0.43768 -0.094142 -2.3708 -0.68133 0.31967
2.4956 0.30378 0.10669 -0.56741 -1.0538 0.1449 -0.091488 -2.3983 -0.68133 0.31967
2.4878 1.7631 -0.1816 -0.56742 -0.15449 0.31813 -0.08618 -2.3553 -0.68133 0.31967
2.4884 1.1553 0.99908 -0.56505 0.23309 -0.13832 -0.096796 -2.3249 -0.68133 0.31967
2.4169 1.8677 0.068257 -0.56893 0.10149 0.1823 -0.094142 -2.3781 -0.68133 0.31967
2.4862 0.7479 -0.20567 -0.56928 -0.96305 0.24996 -0.088834 -2.3347 -0.68133 0.31967
2.489 0.30378 1.0053 -0.56463 -1.0538 0.1449 -0.096796 -2.4094 -0.68133 0.31967
2.4881 2.1512 0.09448 -0.56874 0.10149 0.43768 -0.094142 -2.3708 -0.68133 0.31967
2.5627 0.89805 0.099649 -0.56739 -0.15449 -0.27311 -0.091488 -2.3448 -0.68133 0.31967
2.4893 2.1185 0.079671 -0.56717 -0.00057722 0.50136 -0.091488 -2.3448 -0.68133 0.31967
2.4851 0.96162 0.088663 -0.56789 0.10149 -0.15529 -0.094142 -2.3147 -0.68133 0.31967
2.4899 0.73595 1.0046 -0.56408 -0.21557 -0.20137 -0.096796 -2.4094 -0.68133 0.31967
2.4885 0.77525 0.99665 -0.55603 -0.43765 -0.15905 -0.096796 -2.4094 -0.68133 0.31967
2.4897 1.7765 0.067917 -0.56895 0.10149 0.032913 -0.094142 -2.3781 -0.68133 0.31967
2.4887 2.0882 -0.20001 -0.56926 -0.083975 0.55339 -0.088834 -2.3347 -0.68133 0.31967
2.4902 1.4862 0.098477 -0.5675 -0.00057722 0.08537 -0.091488 -2.3448 -0.68133 0.31967
2.4883 2.1512 0.086382 -0.5681 0.10149 0.43768 -0.094142 -2.3147 -0.68133 0.31967
2.0184 2.1512 0.077775 -0.56833 0.10149 0.41285 -0.094142 -2.3781 -0.68133 0.31967
2.4885 0.7479 0.084584 -0.56836 -0.96305 0.24996 -0.094142 -2.3147 -0.68133 0.31967
2.4894 1.341 -0.20091 -0.56864 -0.6347 0.59884 -0.088834 -2.3347 -0.68133 0.31967
2.4908 1.5676 0.085997 -0.56755 -0.00057722 0.08537 -0.091488 -2.3448 -0.68133 0.31967
2.4892 0.73595 0.091407 -0.56879 -0.21557 -0.20137 -0.094142 -2.3708 -0.68133 0.31967
2.4934 0.30378 0.1001 -0.56763 -1.0538 0.1449 -0.091488 -2.3983 -0.68133 0.31967
2.4885 0.7479 0.06789 -0.56907 -0.96305 0.24996 -0.094142 -2.3781 -0.68133 0.31967
2.4894 2.1185 0.077224 -0.56733 -0.00057722 0.50136 -0.091488 -2.3448 -0.68133 0.31967
2.5224 1.0792 -0.34192 -0.51645 -0.42653 0.11604 -0.088891 -2.7946 -0.6786 0.27687
2.5261 1.1518 0.0047768 -0.56568 -0.29598 0.046946 -0.098509 -2.4968 -0.6786 0.27687
2.5562 1.1172 -0.22328 -0.5649 -0.46286 0.038533 -0.092097 -2.7746 -0.6786 0.27687
2.5232 1.2724 -0.001927 -0.56646 0.072036 -0.023364 -0.098509 -2.557 -0.6786 0.27687
2.5236 0.6887 0.83977 -0.55586 -0.46286 -0.2129 -0.10172 -2.5867 -0.6786 0.27687
2.0507 1.8777 0.0048915 -0.56631 0.072036 0.10518 -0.098509 -2.557 -0.6786 0.27687
1.8076 1.2535 0.00034496 -0.56592 -0.42653 0.39605 -0.098509 -2.557 -0.6786 0.27687
4.5766 1.1666 -0.76228 0.68367 1.9479 0.56948 -0.031719 2.4842 -0.31556 -0.20909
3.1072 0.36574 -0.38246 -0.0033469 2.323 -0.42374 -0.056994 2.5834 -0.31556 -0.20909
4.745 0.99646 -0.59561 0.68313 1.8869 0.35971 -0.021935 2.3266 -0.30102 -0.22785
4.7546 1.2719 -0.47478 -0.011845 1.9664 0.55662 -0.035468 2.1773 -0.33136 -0.15612
4.7549 1.1918 -0.30056 0.066153 1.9179 0.36579 -0.059778 2.2083 -0.33136 -0.15612
4.0079 1.135 -0.5223 -0.28837 1.6361 0.42796 -0.032243 2.9755 -0.39044 -0.11723
4.8122 1.3909 -0.70583 -0.1045 1.9195 0.56934 -0.041349 2.3721 -0.39044 -0.11723
3.2197 0.62959 -0.43128 -0.22164 2.2821 -0.38954 -0.06867 1.7385 -0.39044 -0.11723
4.8121 1.1931 -0.34652 -0.060075 1.8418 0.39263 -0.050456 2.9143 -0.39044 -0.11723
5.0051 1.2837 -0.4157 -0.014836 1.6813 0.41275 -0.059485 1.5682 -0.38738 -0.12957
5.0061 1.4238 -0.65988 -0.086032 1.8031 0.56674 -0.050724 2.5551 -0.38738 -0.12957
4.8989 1.1076 -0.54941 -0.30072 1.3804 0.31683 -0.033201 1.1871 -0.38738 -0.12957
3.3546 0.73449 -0.37823 -0.20669 2.1748 -0.37468 -0.077009 2.0358 -0.38738 -0.12957
5.2429 1.1467 -0.72031 -0.29944 1.2629 0.30044 -0.062857 1.4497 -0.37656 -0.12391
5.4952 0.95789 -0.62395 -0.19848 1.0498 0.32872 -0.056416 1.2701 -0.38805 -0.14269
5.3286 0.9898 -0.6222 -0.16313 1.1023 0.36175 -0.061021 1.2981 -0.39468 -0.15855
2.5981 -0.0093723 0.97164 -0.51136 -1.492 0.78913 -0.10768 -2.363 -0.60638 -0.28929
2.4373 -0.0093722 0.10369 -0.54334 -0.3461 0.74001 -0.10336 -2.8253 -0.60638 -0.28929
2.512 -0.00885 -0.12696 -0.54114 -0.10201 0.59103 -0.097928 -2.0433 -0.63392 0.31042
2.512 -0.00885 0.21027 -0.54033 0.079853 0.47598 -0.10248 -2.0847 -0.63392 0.31042
2.5154 -0.0088501 1.2752 -0.53728 -1.0347 0.69483 -0.10475 -2.032 -0.63392 0.31042
2.5122 -0.0088501 -0.11554 -0.54105 -0.66393 0.94652 -0.097928 -2.0862 -0.63392 0.31042
2.5117 -0.0088501 0.20009 -0.53836 -0.28388 0.25521 -0.1002 -2.0549 -0.63392 0.31042
2.4386 -0.00885 0.19072 -0.54079 0.079853 0.22023 -0.10248 -2.0932 -0.63392 0.31042
2.5119 -0.00885 1.2618 -0.53696 0.079853 0.22023 -0.10475 -2.1291 -0.63392 0.31042
2.128 -0.00885 0.19983 -0.54053 -0.28388 0.69538 -0.1002 -2.0549 -0.63392 0.31042
2.5121 -0.00885 0.2351 -0.54025 0.079853 0.47598 -0.10248 -2.0847 -0.63392 0.31042
2.512 -0.00885 0.20104 -0.539 -0.020236 0.5393 -0.1002 -2.0549 -0.63392 0.31042
2.5176 -0.00885 1.2595 -0.5317 -0.23105 0.3949 -0.10475 -2.1291 -0.63392 0.31042
2.516 -0.0088502 0.22737 -0.53934 -1.053 0.1854 -0.1002 -2.1163 -0.63392 0.31042
2.5103 -0.00885 -0.096802 -0.5391 -0.17116 0.35518 -0.095653 -2.067 -0.63392 0.31042
2.5365 -0.0088501 -0.046827 -0.53827 -0.44882 0.34737 -0.091102 -2.3563 -0.63392 0.31042
2.5114 -0.0088501 0.77458 -0.51117 0.079853 0.070323 -0.10248 -2.6423 -0.63392 0.31042
2.5123 -0.00885 1.2554 -0.53109 0.20889 0.39434 -0.10475 -2.1291 -0.63392 0.31042
2.5119 -0.0088501 0.23126 -0.53888 -0.51301 0.55331 -0.1002 -2.1163 -0.63392 0.31042
2.5106 -0.00885 0.2209 -0.54057 0.079853 0.47598 -0.10248 -2.0847 -0.63392 0.31042
2.5141 -0.0088502 1.265 -0.53611 -1.053 0.1854 -0.10475 -2.1291 -0.63392 0.31042
2.5086 -0.0088502 0.22371 -0.5386 -1.053 0.1854 -0.1002 -2.0549 -0.63392 0.31042
2.512 -0.0088501 -0.11903 -0.54046 -0.64205 0.63406 -0.097928 -2.0433 -0.63392 0.31042
2.5114 -0.0088501 0.22237 -0.54083 -0.44882 0.34737 -0.10248 -2.0847 -0.63392 0.31042
2.5094 -0.0088501 0.20157 -0.53849 -0.70474 0.65919 -0.1002 -2.0549 -0.63392 0.31042
2.5115 -0.0088502 1.269 -0.536 -1.053 0.1854 -0.10475 -2.1291 -0.63392 0.31042
2.5105 -0.00885 0.019902 -0.397 -0.28388 0.41507 -0.095653 -2.4742 -0.63392 0.31042
2.511 -0.0088501 0.20951 -0.54015 -0.96403 0.61249 -0.10248 -2.0204 -0.63392 0.31042
2.5128 -0.00885 -0.11732 -0.54122 -0.10201 0.3949 -0.097928 -2.0862 -0.63392 0.31042
2.5098 -0.0088501 0.20348 -0.53857 -0.41292 0.48267 -0.1002 -2.0549 -0.63392 0.31042
2.5203 -0.0088501 1.2607 -0.52878 0.20889 0.60906 -0.10475 -2.1291 -0.63392 0.31042
2.4839 -0.0088501 0.20338 -0.5397 -0.41292 0.20727 -0.10248 -2.0204 -0.63392 0.31042
2.5136 -0.0088501 0.20153 -0.53929 -0.28388 0.25521 -0.10248 -2.0204 -0.63392 0.31042
2.511 -0.0088501 0.1903 -0.54094 -0.96403 0.61249 -0.10248 -2.0932 -0.63392 0.31042
2.5106 -0.00885 -0.084074 -0.33327 0.079853 0.47598 -0.10248 -2.0971 -0.63392 0.31042
2.5106 -0.0088501 0.21931 -0.54049 -0.72383 0.66999 -0.10248 -2.0847 -0.63392 0.31042
2.5119 -0.00885 0.20385 -0.53882 -0.020236 0.5393 -0.1002 -2.0549 -0.63392 0.31042
2.522 -0.00885 1.2632 -0.53108 -0.23105 0.3949 -0.10475 -2.1291 -0.63392 0.31042
2.2707 -0.00885 1.2293 -0.52992 0.079853 0.45129 -0.10248 -2.2358 -0.63392 0.31042
2.5111 -0.0088501 1.2591 -0.52643 -0.44882 -0.067443 -0.10475 -2.1291 -0.63392 0.31042
2.5111 -0.00885 -0.10237 -0.54087 -0.10201 0.59103 -0.097928 -2.0862 -0.63392 0.31042
2.5077 -0.00885 0.23031 -0.54037 -0.28388 0.69538 -0.10248 -2.0847 -0.63392 0.31042
2.5118 -0.0088501 1.2654 -0.53818 -0.66393 0.94652 -0.10475 -2.032 -0.63392 0.31042
2.5134 -0.00885 0.21113 -0.53924 -0.020236 0.27646 -0.1002 -2.0549 -0.63392 0.31042
2.5153 -0.00885 -0.097277 -0.54091 -0.10201 0.59103 -0.097928 -2.0377 -0.63392 0.31042
2.513 -0.0088501 -0.34062 -0.499 -0.70474 0.65919 -0.093377 -2.0142 -0.63392 0.31042
2.5112 -0.00885 1.2623 -0.53337 -0.020236 0.1224 -0.10475 -2.1291 -0.63392 0.31042
2.5109 -0.0088501 -0.26944 -0.47485 -0.41292 0.3267 -0.084276 -2.3805 -0.63392 0.31042
2.5087 -0.0088501 -0.12451 -0.54117 -0.96403 0.61249 -0.097928 -2.0433 -0.63392 0.31042
2.5179 -0.0088501 -0.33959 -0.50506 -0.72383 0.66999 -0.093377 -2.0889 -0.63392 0.31042
2.5109 -0.00885 0.21158 -0.53985 0.079853 0.47598 -0.10248 -2.0204 -0.63392 0.31042
2.5116 -0.0088501 0.72888 -0.51645 0.079853 0.070323 -0.10248 -2.5695 -0.63392 0.31042
2.5157 -0.0088502 -0.043179 -0.53847 -1.053 0.1854 -0.091102 -2.3563 -0.63392 0.31042
2.5367 -0.00885 0.20857 -0.53953 -0.41292 0.49708 -0.10248 -2.0204 -0.63392 0.31042
2.5099 -0.0088501 1.255 -0.52794 -0.70474 0.65919 -0.10475 -2.1291 -0.63392 0.31042
2.5125 -0.0088501 1.2682 -0.53539 -0.23105 -0.10486 -0.10475 -2.1291 -0.63392 0.31042
2.5123 -0.00885 1.2609 -0.52725 0.20889 0.39434 -0.10475 -2.1291 -0.63392 0.31042
2.5108 -0.0088501 0.20363 -0.53839 -0.96403 0.61249 -0.1002 -2.0549 -0.63392 0.31042
2.5119 -0.00885 1.2622 -0.53642 0.20889 0.39434 -0.10475 -2.032 -0.63392 0.31042
2.511 -0.0088501 1.2684 -0.53347 -0.17116 0.20092 -0.10475 -2.1291 -0.63392 0.31042
2.5216 -0.00885 -0.052238 -0.53967 -0.28388 0.42458 -0.091102 -2.2836 -0.63392 0.31042
2.5103 -0.00885 0.19029 -0.54086 0.079853 0.47598 -0.10248 -2.0932 -0.63392 0.31042
2.5097 -0.0088501 1.2623 -0.53853 -0.41292 0.48267 -0.10475 -2.032 -0.63392 0.31042
2.5117 -0.0088501 -0.38237 -0.47949 -1.0347 0.69483 -0.091102 -2.1005 -0.63392 0.31042
2.5122 -0.00885 -0.11338 -0.54081 -0.17116 0.36125 -0.097928 -2.0862 -0.63392 0.31042
2.5119 -0.00885 0.2131 -0.53903 -0.020236 0.51972 -0.1002 -2.0549 -0.63392 0.31042
2.5169 -0.0088501 0.21031 -0.53988 -0.70474 0.65919 -0.10248 -2.0204 -0.63392 0.31042
2.5113 -0.00885 -0.11799 -0.54115 -0.10201 0.59103 -0.097928 -2.0433 -0.63392 0.31042
2.5183 -0.0088502 0.23495 -0.53909 -1.053 0.1854 -0.1002 -2.1163 -0.63392 0.31042
2.5102 -0.0088501 0.2232 -0.53862 -0.64205 0.63406 -0.1002 -2.0549 -0.63392 0.31042
2.5472 0.48197 1.1655 -0.56783 0.23432 -0.31034 -0.10058 -2.2427 -0.66731 0.33148
2.5403 0.78723 -0.14924 -0.5701 -0.21181 -0.11999 -0.093408 -2.2535 -0.66731 0.33148
2.5476 0.33178 -0.13157 -0.56952 -1.0454 0.17032 -0.093408 -2.2945 -0.66731 0.33148
2.5471 0.37479 -0.36139 -0.53002 -1.1207 0.089744 -0.076672 -2.4957 -0.66731 0.33148
1.5638 2.195 0.17399 -0.5697 0.10347 0.43454 -0.09819 -2.293 -0.66731 0.33148
1.946 0.37479 0.43627 -0.20921 -1.1207 0.089744 -0.10058 -2.3404 -0.66731 0.33148
2.5479 0.97146 -0.35794 -0.5466 -0.21181 0.014278 -0.088626 -2.2971 -0.66731 0.33148
2.5478 0.37479 0.17897 -0.56778 -1.1207 0.089744 -0.095799 -2.2645 -0.66731 0.33148
2.5447 0.33178 0.1821 -0.56753 -1.0454 0.17032 -0.095799 -2.2645 -0.66731 0.33148
2.5463 0.33178 0.15965 -0.56886 -1.0454 0.17032 -0.09819 -2.2315 -0.66731 0.33148
2.5463 0.40066 -0.12913 -0.56974 -0.080959 -0.11668 -0.093408 -2.2945 -0.66731 0.33148
2.5508 1.3157 -0.39056 -0.50519 -0.26539 0.038944 -0.086235 -2.3081 -0.66731 0.33148
2.4883 0.32635 -0.39936 -0.5337 -1.1295 0.017934 -0.070257 -2.5556 -0.68133 0.31967
2.4817 0.71003 -0.20563 -0.56925 -0.21557 -0.20137 -0.088834 -2.3347 -0.68133 0.31967
2.492 1.2305 -0.42599 -0.51167 -0.26944 -0.057563 -0.080872 -2.3845 -0.68133 0.31967
2.4891 0.9399 -0.39621 -0.54841 -0.21557 -0.0085562 -0.083526 -2.3745 -0.68133 0.31967
2.5147 0.60747 -0.37382 -0.54326 -0.77197 0.02931 -0.070257 -2.535 -0.68133 0.31967
2.4888 0.30378 -0.1895 -0.56874 -1.0538 0.1449 -0.088834 -2.3721 -0.68133 0.31967
2.4875 0.30378 0.076428 -0.56816 -1.0538 0.1449 -0.094142 -2.3147 -0.68133 0.31967
2.486 0.30378 0.096924 -0.56697 -1.0538 0.1449 -0.091488 -2.3448 -0.68133 0.31967
1.5291 2.1512 0.089524 -0.5689 0.10149 0.41285 -0.094142 -2.3708 -0.68133 0.31967
2.489 0.32635 0.094073 -0.5672 -1.1295 0.017934 -0.091488 -2.3448 -0.68133 0.31967
2.4883 0.60747 -0.18089 -0.56908 -0.77197 0.02931 -0.088834 -2.3298 -0.68133 0.31967
2.4884 0.46113 0.99489 -0.56724 0.23309 -0.33994 -0.096796 -2.3249 -0.68133 0.31967
2.4875 0.38638 -0.18727 -0.56894 -0.083975 -0.14002 -0.088834 -2.3721 -0.68133 0.31967
2.4901 0.73275 0.075345 -0.56745 -0.15449 -0.17879 -0.094142 -2.3147 -0.68133 0.31967
2.5231 0.26898 -0.4204 -0.53688 -1.1493 -0.078567 -0.085685 -2.7254 -0.6786 0.27687
2.5324 0.2542 -0.2195 -0.56505 -1.0742 0.095897 -0.092097 -2.7746 -0.6786 0.27687
2.5252 0.66015 0.0026834 -0.56556 -0.18193 -0.23504 -0.098509 -2.4968 -0.6786 0.27687
2.5226 0.2542 0.0036681 -0.56616 -1.0742 0.095897 -0.098509 -2.4968 -0.6786 0.27687
2.5669 0.54436 -0.38069 -0.54501 -0.79455 -0.021927 -0.085685 -2.7059 -0.6786 0.27687
3.8521 0.65301 -0.21932 0.84241 1.5805 -0.10872 -0.066358 2.4675 -0.52903 -0.10711
3.8005 0.57259 -0.55481 0.58568 1.4982 -0.15274 -0.078168 1.9858 -0.37185 -0.23729
2.9231 0.28474 0.63165 -0.29992 2.0531 0.28139 -0.078831 2.9228 -0.37212 -0.23437
3.9696 0.53189 -0.12536 0.97822 1.4392 -0.12771 -0.05707 2.1945 -0.37212 -0.23437
4.2409 1.6184 -0.83527 -0.39802 2.6117 0.40783 -0.083183 4.084 -0.37212 -0.23437
2.9101 0.18855 0.54795 -0.34978 1.9271 0.25341 -0.077675 2.4956 -0.3936 -0.19711
3.9572 0.43264 -0.16686 0.66509 1.3664 -0.15399 -0.056289 1.5429 -0.3936 -0.19711
2.9533 0.096323 -0.092272 -0.18465 1.7132 0.32211 -0.057689 1.9975 -0.35486 -0.22237
4.2819 1.3147 -0.72774 1.082 2.0792 0.56357 -0.044852 3.1025 -0.35486 -0.22237
4.2819 0.28834 -0.54098 0.32156 1.2214 -0.091759 -0.057689 1.3823 -0.35486 -0.22237
2.4298 0.69825 0.21606 0.37978 2.6991 -0.46201 -0.074804 2.2916 -0.35486 -0.22237
2.3545 0.51778 0.044709 0.061867 2.4824 -0.4394 -0.062144 2.1124 -0.33688 -0.19526
2.9752 0.014782 -0.16057 -0.24938 1.6118 0.31926 -0.058193 1.939 -0.33688 -0.19526
4.3022 1.183 -0.74583 0.75003 1.9525 0.59343 -0.030539 2.6027 -0.33688 -0.19526
3.1752 -0.090193 -0.21731 -0.31108 1.5081 0.32994 -0.049772 1.8244 -0.31556 -0.20909
4.5765 0.19615 -0.59011 0.14412 1.1352 -0.14132 -0.053383 1.0436 -0.31556 -0.20909
0.21106 1.3438 0.17924 -0.32 1.9557 -1.1155 -0.073986 0.29766 -0.30102 -0.22785
4.7452 0.17232 -0.8769 0.16952 1.1098 -0.15088 -0.063576 0.94373 -0.30102 -0.22785
3.2443 0.92499 -0.77785 -0.060645 1.6803 0.4033 0.030376 2.5353 -0.30012 -0.22509
0.1966 1.477 0.16906 -0.3015 1.9703 -1.1374 -0.072963 0.21684 -0.30012 -0.22509
4.6217 1.3522 -0.56015 0.69132 1.9417 0.52998 -0.04048 1.8302 -0.2862 -0.195
0.20471 1.6177 0.14695 -0.30563 1.9787 -1.1055 -0.069611 0.12523 -0.2862 -0.195
3.5022 1.0147 -0.69785 -0.47574 1.6813 0.39908 -0.02106 2.2519 -0.2862 -0.195
3.7309 1.1511 -0.74845 -0.45646 1.7311 0.40472 -0.02939 1.5678 -0.33136 -0.15612
4.8101 0.26391 -0.91845 1.0051 0.99741 -0.11569 -0.06867 1.7619 -0.39044 -0.11723
4.7191 1.3925 -0.4831 0.12136 1.5826 0.60416 -0.046179 1.0413 -0.37656 -0.12391
5.2428 1.1714 -0.47661 -0.03338 1.4928 0.43898 -0.054518 0.4678 -0.37656 -0.12391
5.4949 1.2745 -0.43396 0.018524 1.4762 0.4483 -0.065044 0.26769 -0.38805 -0.14269
5.3283 1.2955 -0.31931 -0.019964 1.5372 0.49659 -0.069691 0.2259 -0.39468 -0.15855
-0.072481 0.31504 0.013206 0.42253 -0.37721 0.86371 -0.14132 0.50256 1.2262 -0.84117
-0.090301 0.31504 -0.73481 -0.42983 -0.37721 1.2204 -0.021204 -0.69348 -0.65217 0.599
0.065743 0.31504 -0.74575 -0.4156 -0.37721 1.2204 -0.017772 -0.13465 -0.65217 0.599
0.11817 -0.38309 0.16237 -0.50705 1.3941 0.16342 -0.14204 -1.923 -0.066139 -0.65542
-0.068944 0.2211 -0.77803 -0.49997 -0.30615 0.97707 0.064946 -0.23809 -0.69507 0.72568
-0.21779 1.9796 -0.42201 -0.44174 2.5445 1.0867 -0.1235 -1.8257 -0.066139 -0.65542
-0.32992 1.6667 -0.80791 -0.5119 1.6822 1.1158 0.0062486 -1.8203 -0.066139 -0.65542
0.092567 -0.38309 -0.23613 -0.55859 1.3941 0.16342 -0.13586 -1.7813 -0.066139 -0.65542
0.028208 0.2211 -0.76072 -0.47023 -0.30615 0.97707 0.027874 -0.54251 -0.69507 0.72568
-0.1397 0.2211 -0.39018 0.16769 -0.30615 0.78483 -0.098788 0.23241 1.3714 -0.80807
-0.29601 1.9029 -0.79961 -0.50987 1.8577 1.481 -0.0061086 -1.8361 -0.066139 -0.65542
-0.28208 1.0538 -0.72311 -0.52511 1.8674 0.44331 -0.086431 -0.80149 -0.066139 -0.65542
4.0982 1.6667 -0.59167 -0.48956 1.6822 1.1158 -0.10497 -1.9826 -0.066139 -0.65542
0.13253 -0.30348 -0.0069731 -0.5024 1.4058 0.25687 -0.11493 -1.9313 -0.28367 -0.41778
-0.25494 -0.12191 0.70379 -0.43089 -0.063028 -0.40173 -0.12213 0.87428 -0.28367 -0.41778
-0.22712 2.0459 -0.50669 -0.46023 2.5974 1.1393 -0.10051 -1.8395 -0.28367 -0.41778
-0.34716 1.7523 -0.83669 -0.50553 1.7712 1.1679 0.00039056 -1.8344 -0.28367 -0.41778
-0.29357 0.87392 -0.75998 -0.50693 1.5512 0.60109 -0.045256 -0.097701 -0.28367 -0.41778
0.10512 -0.30348 -0.34774 -0.53568 1.4058 0.25687 -0.11012 -1.7975 -0.28367 -0.41778
4.3933 1.7523 -0.65177 -0.4911 1.7712 1.1679 -0.086098 -1.9876 -0.28367 -0.41778
0.052835 0.17228 -0.78197 -0.47241 -0.17098 1.0378 0.04844 -0.23165 -0.74538 0.83753
-0.067691 0.17228 -0.80847 -0.49482 -0.17098 1.0378 0.072464 -0.33947 -0.74538 0.83753
-0.16972 0.17228 -0.40736 0.2208 -0.17098 0.91672 -0.095708 -0.88936 1.5194 -0.82072
0.14291 0.17228 -0.66209 -0.29623 -0.17098 0.91672 -0.040451 -1.1392 1.5194 -0.82072
-0.31086 1.7799 -0.8296 -0.50422 1.9038 1.132 -0.0092193 -1.8493 -0.28367 -0.41778
0.20897 -0.0093722 0.46374 -0.54284 -0.81614 0.55196 -0.10552 -2.3479 -0.60638 -0.28929
2.5947 -0.0093723 -0.23163 -0.47027 -0.5291 0.22445 -0.09687 -2.5687 -0.60638 -0.28929
-0.30127 -0.0093723 -0.7948 -0.52548 1.3418 0.73372 -0.014712 0.055188 -0.38607 -0.30598
2.6614 -0.0093723 0.087241 -0.54327 -0.69506 0.49694 -0.10119 -2.4213 -0.60638 -0.28929
2.5943 -0.0093722 0.19608 -0.35246 -0.41567 0.58931 -0.10336 -2.4435 -0.60638 -0.28929
2.1106 -0.0093725 0.17242 -0.4798 -0.97178 -0.7906 -0.10336 -2.8253 -0.60638 -0.28929
0.18354 -0.0093722 -0.10218 -0.51408 -0.65894 0.75624 -0.10336 -2.5889 -0.60638 -0.28929
2.2672 -0.0093722 1.3254 -0.54252 -0.033253 0.32908 -0.10984 -1.8253 -0.60638 -0.28929
-0.31834 -0.0093722 -0.85238 -0.52174 1.9139 1.1841 -0.0082263 -1.5101 -0.38607 -0.30598
2.5938 -0.0093723 0.93244 -0.50455 -0.47594 0.36196 -0.10768 -2.363 -0.60638 -0.28929
-0.10037 -0.0093724 -0.31843 0.079112 -0.11496 0.89544 -0.079573 -0.51616 1.5781 -0.82754
-0.35607 -0.0093722 -0.85838 -0.52267 1.8163 1.2133 0.00042181 -1.4956 -0.38607 -0.30598
0.11401 -0.0093725 -0.4447 -0.54403 1.3783 0.26401 -0.099032 -1.4598 -0.38607 -0.30598
2.6285 -0.0093722 0.088683 -0.54328 -0.5291 0.38693 -0.10119 -2.4213 -0.60638 -0.28929
2.5916 -0.0093722 0.97761 -0.50954 -0.16309 0.18724 -0.10768 -2.363 -0.60638 -0.28929
2.6058 -0.0093724 0.086518 -0.54236 -1.0725 0.1122 -0.10119 -2.4213 -0.60638 -0.28929
2.6327 -0.0093723 -0.28467 -0.50526 -0.81614 0.069561 -0.09687 -2.7465 -0.60638 -0.28929
0.039212 -0.0093725 0.89854 -0.51297 -0.61967 -0.63538 -0.10768 -2.9357 -0.60638 -0.28929
2.5954 -0.0093723 0.94249 -0.50598 -0.16309 0.03534 -0.10768 -2.363 -0.60638 -0.28929
2.6102 -0.0093722 0.093424 -0.54364 -0.3461 0.28944 -0.10336 -2.7646 -0.60638 -0.28929
0.21971 -0.0093724 -0.68037 -0.31138 -0.11496 0.89544 -0.019037 -0.8218 1.5781 -0.82754
-0.079244 -0.0093724 -0.81629 -0.47523 -0.11496 0.99198 0.099875 -0.03118 -0.77066 0.90932
2.5918 -0.0093723 0.089458 -0.54323 -0.61967 0.44223 -0.10119 -2.4213 -0.60638 -0.28929
0.1425 -0.0093725 -0.15638 -0.52045 1.3783 0.26401 -0.10336 -1.5897 -0.38607 -0.30598
1.3747 -0.0093723 0.93071 -0.27097 1.2509 -0.014991 -0.10984 0.33049 -0.38607 -0.30598
2.5955 -0.0093723 0.89228 -0.51237 -0.16309 0.03534 -0.10768 -2.9357 -0.60638 -0.28929
0.088069 -0.0093723 -0.31332 -0.46183 -0.9902 0.46269 -0.094708 -2.6134 -0.60638 -0.28929
0.034383 -0.0093724 -0.80122 -0.50026 -0.11496 0.99198 0.063121 -0.269 -0.77066 0.90932
-0.23131 -0.0093722 -0.57918 -0.49056 2.625 1.1851 -0.090384 -1.5006 -0.38607 -0.30598
-0.26022 -0.0093725 0.44499 -0.46977 -0.090966 -0.34668 -0.10984 1.1343 -0.38607 -0.30598
2.5949 -0.0093724 -0.25234 -0.51439 -1.0873 -0.017417 -0.094708 -2.4715 -0.60638 -0.28929
4.5709 -0.0093722 -0.70193 -0.51244 1.8163 1.2133 -0.077411 -1.6444 -0.38607 -0.30598
-0.19689 -0.0093723 -0.84398 -0.52497 -1.492 0.78913 0.037176 -2.4469 -0.60638 -0.28929
2.5978 -0.0093722 0.96302 -0.50377 -0.16309 0.44424 -0.10768 -2.363 -0.60638 -0.28929
2.5118 -0.0088501 0.2031 -0.53875 -0.44882 -0.067443 -0.1002 -2.0549 -0.63392 0.31042
2.5113 -0.0088502 -0.10589 -0.54057 -1.053 0.1854 -0.097928 -2.0862 -0.63392 0.31042
2.5107 -0.00885 0.19304 -0.54032 0.079853 0.070323 -0.10248 -2.0932 -0.63392 0.31042
-0.082933 -0.0088502 -0.80433 -0.48159 -0.10359 1.0639 0.079554 -0.036407 -0.78742 0.95071
0.069576 -0.0088502 -0.57994 -0.35401 -0.10359 0.55929 -0.084276 -1.2166 -0.44992 0.038504
0.14889 -0.0088501 -0.17025 -0.45884 -0.66393 0.94652 -0.088827 -2.1483 -0.63392 0.31042
2.511 -0.0088502 1.2571 -0.5389 0.20889 -0.24486 -0.10475 -2.032 -0.63392 0.31042
-0.24927 -0.00885 -0.61028 -0.49844 2.6451 1.2163 -0.084276 -1.5753 -0.49969 -0.14297
2.5241 -0.0088503 -0.12784 -0.54052 -1.1567 -0.70166 -0.097928 -2.0433 -0.63392 0.31042
0.11581 -0.0088503 -0.22549 -0.52311 1.3303 0.24529 -0.097928 -1.6603 -0.49969 -0.14297
-0.11726 -0.0088501 -0.75591 -0.47409 -1.0347 0.69483 -0.045594 -2.0727 -0.63392 0.31042
2.511 -0.0088501 1.2619 -0.53647 0.20889 -0.09815 -0.10475 -2.032 -0.63392 0.31042
0.087988 -0.0088503 -0.48789 -0.54258 1.3303 0.24529 -0.093377 -1.5364 -0.49969 -0.14297
2.5096 -0.0088503 1.2626 -0.53331 -1.1567 -0.70166 -0.10475 -2.1291 -0.63392 0.31042
-0.11948 -0.0088501 -0.83653 -0.52697 -1.1273 0.51518 -0.011463 -2.1017 -0.63392 0.31042
2.4894 -0.0088501 0.2111 -0.53991 -0.17116 0.20092 -0.10248 -2.0204 -0.63392 0.31042
4.4409 -0.00885 -0.72199 -0.51651 1.8414 1.2444 -0.070623 -1.7125 -0.49969 -0.14297
0.24503 -0.00885 0.31871 -0.44323 0.079853 0.47598 -0.10248 -2.0119 -0.63392 0.31042
0.091631 -0.0088502 0.2342 -0.54041 -1.053 0.1854 -0.10248 -2.0847 -0.63392 0.31042
0.047293 -0.0088502 -0.80062 -0.5038 -0.10359 1.0639 0.072728 -0.068555 -0.78742 0.95071
-0.26203 -0.0088502 0.1739 -0.071648 -0.10359 0.17081 -0.10703 1.3702 -0.44623 -0.029036
-0.036789 -0.0088503 -0.35587 -0.52262 -0.23105 -0.6316 -0.093377 -2.0184 -0.63392 0.31042
2.5122 -0.0088501 0.19001 -0.54114 0.079853 -0.11761 -0.10248 -2.0932 -0.63392 0.31042
-0.33428 -0.00885 -0.85892 -0.52418 1.9085 1.2168 0.0021899 -1.5844 -0.49969 -0.14297
0.037108 -0.00885 0.19108 -0.54068 0.079853 0.22023 -0.10248 -2.0932 -0.63392 0.31042
1.6039 -0.0088501 0.21879 -0.53901 -0.28388 -0.023587 -0.1002 -2.0549 -0.63392 0.31042
2.5156 -0.0088501 1.2696 -0.532 0.20889 -0.24486 -0.10475 -2.1291 -0.63392 0.31042
2.5128 -0.0088501 0.2255 -0.53919 -0.020236 0.1224 -0.1002 -2.0549 -0.63392 0.31042
2.5118 -0.00885 0.2087 -0.53907 -0.020236 0.1224 -0.1002 -2.0549 -0.63392 0.31042
2.5118 -0.0088501 0.21736 -0.54062 -0.23105 -0.10486 -0.10248 -2.0847 -0.63392 0.31042
2.5077 -0.0088501 0.2142 -0.53963 0.079853 -0.11761 -0.10248 -2.0204 -0.63392 0.31042
0.16201 -0.0088503 0.21123 -0.53997 -0.59479 -0.5975 -0.10248 -2.0204 -0.63392 0.31042
2.5101 -0.0088502 -0.10333 -0.54079 -0.10201 -0.10525 -0.097928 -2.0862 -0.63392 0.31042
2.5116 -0.0088502 0.22043 -0.53885 -1.1273 0.10095 -0.1002 -2.0549 -0.63392 0.31042
0.16705 -0.00885 0.41786 -0.49449 0.079853 0.47598 -0.10248 -2.1575 -0.63392 0.31042
0.22525 -0.0088501 0.23629 -0.54033 -1.0347 0.69483 -0.10248 -2.0847 -0.63392 0.31042
2.511 -0.0088501 -0.094898 -0.54102 -0.10201 -0.032449 -0.097928 -2.0377 -0.63392 0.31042
-0.37113 -0.00885 -0.86438 -0.52495 1.8414 1.2444 0.011292 -1.5706 -0.49969 -0.14297
2.5101 -0.0088502 0.20012 -0.53992 -1.053 0.1854 -0.10248 -2.0204 -0.63392 0.31042
2.5123 -0.0088501 -0.34097 -0.49855 -0.28388 0.25957 -0.093377 -2.0506 -0.63392 0.31042
0.014931 -0.0088503 0.73457 -0.51694 -0.59479 -0.5975 -0.10248 -2.5695 -0.63392 0.31042
2.5119 -0.0088503 -0.24612 -0.47629 -0.59479 -0.5975 -0.097928 -1.9948 -0.63392 0.31042
2.5127 -0.0088501 0.19888 -0.53914 -0.17116 -0.0051355 -0.10248 -2.0204 -0.63392 0.31042
1.5397 -0.00885 0.21519 -0.54075 0.079853 0.45129 -0.10248 -2.0847 -0.63392 0.31042
2.5376 -0.0088502 -0.31801 -0.51223 -0.77666 0.13212 -0.082 -2.2732 -0.63392 0.31042
0.083544 -0.0088502 0.42158 -0.11583 -0.77666 0.13212 -0.10248 -2.0164 -0.63392 0.31042
0.84646 -0.0088501 0.7802 -0.44551 0.20889 -0.09815 -0.10475 -1.9462 -0.63392 0.31042
3.0556 -0.0088502 1.3934 -0.50157 3.0377 0.38185 -0.10475 4.7152 -0.49969 -0.14297
0.1309 -0.0088502 -0.67699 -0.44583 -0.10359 0.1584 -0.10248 0.36428 0.46918 -0.6533
-0.32344 -0.00885 -0.82019 -0.44417 2.4159 0.59386 -0.10248 -0.34974 0.46918 -0.6533
0.057763 -0.0088502 -0.62201 -0.275 -0.10359 0.95186 -0.041043 -0.12143 1.604 -0.83216
0.092912 -0.00885 0.76088 -0.34207 0.20889 0.39434 -0.10475 -2.0433 -0.63392 0.31042
2.5042 -0.0088501 -0.12446 -0.54114 -0.23105 -0.10486 -0.097928 -2.0433 -0.63392 0.31042
2.5017 -0.0088503 0.20271 -0.53964 -1.1567 -0.70166 -0.10248 -2.0204 -0.63392 0.31042
2.5862 -0.0088501 0.22684 -0.53907 -0.17116 -0.13088 -0.1002 -2.0549 -0.63392 0.31042
2.5112 -0.0088501 0.20675 -0.53896 -0.44882 -0.067443 -0.1002 -2.0549 -0.63392 0.31042
2.5109 -0.0088502 -0.3474 -0.50159 -1.1273 0.10095 -0.082 -2.2968 -0.63392 0.31042
0.20415 -0.00885 -0.12264 -0.48471 -0.41292 0.49708 -0.097928 -2.0945 -0.63392 0.31042
0.058462 -0.0088501 -0.38765 -0.44965 -0.96403 0.61249 -0.079725 -2.3677 -0.63392 0.31042
2.4977 -0.0088503 -0.11218 -0.54094 -1.1567 -0.70166 -0.097928 -2.0862 -0.63392 0.31042
0.18072 -0.0088501 0.33887 -0.5416 -0.72383 0.66999 -0.1002 -2.5041 -0.63392 0.31042
-0.23143 -0.0088501 -0.84872 -0.52651 -1.3772 0.74495 0.10913 -2.3166 -0.63392 0.31042
2.5113 -0.0088503 0.33079 -0.1661 -1.1567 -0.70166 -0.10475 -1.941 -0.63392 0.31042
2.511 -0.0088501 0.11199 -0.5354 -0.020236 -0.070741 -0.1002 -2.1163 -0.63392 0.31042
-0.27751 -0.0088503 0.3218 -0.48128 -0.15911 -0.19613 -0.10475 0.9373 -0.49969 -0.14297
0.18527 -0.0088502 -0.72846 -0.3437 -0.10359 0.95186 -0.0069118 -0.82082 1.604 -0.83216
0.64874 -0.0088501 -0.46241 -0.17662 0.82637 1.9125 -0.10475 0.46628 0.46918 -0.6533
-0.31747 -0.0088502 -0.80615 -0.52795 1.2995 0.79219 0.0067407 -0.070747 -0.49969 -0.14297
0.22869 -0.0088503 -0.61906 -0.51351 -1.1567 -0.70166 -0.05242 -2.1285 -0.63392 0.31042
2.5109 -0.0088502 -0.095994 -0.54095 -0.77666 0.13212 -0.097928 -2.0377 -0.63392 0.31042
-0.23688 -0.0088502 -0.58834 -0.35867 -0.10359 0.1584 -0.093377 0.34435 0.46918 -0.6533
2.5146 -0.0088501 -0.37804 -0.47709 -0.28388 0.052707 -0.091102 -2.1005 -0.63392 0.31042
1.3206 -0.0088502 1.0679 -0.33046 1.1938 0.084761 -0.10248 0.68543 -0.49969 -0.14297
2.0351 -0.00885 0.20167 -0.54011 0.079853 0.45129 -0.10248 -2.0932 -0.63392 0.31042
2.5122 -0.00885 0.19033 -0.5408 0.079853 0.070323 -0.10248 -2.0932 -0.63392 0.31042
0.19016 -0.00885 0.15075 -0.54189 0.20889 0.14774 -0.10475 -2.1404 -0.63392 0.31042
2.5117 -0.0088501 -0.34377 -0.51795 -0.23105 0.02797 -0.093377 -2.0889 -0.63392 0.31042
-0.27216 -0.0088502 -0.8295 -0.52861 -1.1273 0.10095 -0.025115 -2.0449 -0.63392 0.31042
-0.34787 -0.0088501 -0.8802 -0.48142 1.0988 1.1617 -0.079725 -0.68003 0.46918 -0.6533
0.053009 -0.0088502 0.17053 0.11419 -0.10359 0.55929 -0.10248 -0.99394 -0.44992 0.038504
0.47214 -0.00885 -0.084359 -0.53875 -0.10201 0.59103 -0.097928 -2.0888 -0.63392 0.31042
1.9172 -0.0088502 0.4908 -0.18507 -1.1273 0.10095 -0.10475 -2.1343 -0.63392 0.31042
1.7905 -0.0088501 0.19591 -0.5396 -0.41292 0.48267 -0.10248 -2.0932 -0.63392 0.31042
2.5088 -0.0088503 0.19771 -0.5404 -1.1567 -0.70166 -0.10248 -2.0932 -0.63392 0.31042
0.66792 -0.0088501 0.188 -0.53937 -0.96403 0.61249 -0.10248 -2.0932 -0.63392 0.31042
2.4975 -0.0088503 1.2712 -0.53235 -0.59479 -0.5975 -0.10475 -2.1291 -0.63392 0.31042
2.512 -0.0088503 0.20902 -0.54047 -1.1567 -0.70166 -0.10248 -2.0847 -0.63392 0.31042
-0.11612 0.90671 -0.82688 -0.55574 -1.1207 0.5001 -0.0025537 -2.3092 -0.66731 0.33148
2.5378 -0.20491 0.16211 -0.56858 -1.1505 -0.71806 -0.09819 -2.2315 -0.66731 0.33148
0.15561 1.5506 -0.19282 -0.48669 -0.65078 0.92797 -0.083844 -2.3538 -0.66731 0.33148
0.1319 0.70013 -0.67736 -0.53277 -0.56693 0.60651 -0.076672 -1.8503 0.6148 -0.89727
0.042426 2.007 0.15105 -0.56964 0.10347 0.20596 -0.09819 -2.3011 -0.66731 0.33148
0.048369 0.70013 -0.66535 -0.52377 -0.56693 0.60651 -0.076672 -1.9316 0.6148 -0.89727
0.09763 0.33178 0.19207 -0.56936 -1.0454 0.17032 -0.09819 -2.293 -0.66731 0.33148
-0.31536 0.67951 -0.79696 -0.55673 1.2768 0.77633 -0.012117 -0.33624 -0.51204 -0.1016
0.050289 0.70013 -0.44109 -0.5029 -0.56693 0.60651 -0.093408 -2.0034 0.6148 -0.89727
2.545 -0.20491 0.15735 -0.56935 -1.1505 -0.71806 -0.09819 -2.3011 -0.66731 0.33148
0.6617 1.092 -0.47085 -0.20065 0.85872 1.8934 -0.10058 0.14448 0.39783 -0.6238
0.10749 0.10056 -0.63696 -0.23429 -0.095991 0.94495 -0.052763 -0.1294 1.5666 -0.82511
0.25295 2.1622 0.2725 -0.47086 0.10347 0.45914 -0.09819 -2.2234 -0.66731 0.33148
0.25805 0.10056 -0.75795 -0.37647 -0.095991 0.94495 0.0046189 -0.58882 1.5666 -0.82511
-0.24056 0.68035 2.8595 1.3775 3.3336 -0.00053172 -0.10058 6.1936 -0.51204 -0.1016
2.5335 -0.24035 1.1789 -0.56119 -0.58067 -0.64263 -0.10058 -2.3354 -0.66731 0.33148
-0.23499 0.10056 -0.59068 -0.38517 -0.095991 0.14597 -0.088626 0.027974 0.39783 -0.6238
-0.032394 -0.17667 -0.36946 -0.55133 -0.21181 -0.66995 -0.088626 -2.2297 -0.66731 0.33148
0.13739 0.10056 -0.67505 -0.4735 -0.095991 0.14597 -0.09819 0.047017 0.39783 -0.6238
0.019972 -0.24035 0.66826 -0.54557 -0.58067 -0.64263 -0.09819 -2.7562 -0.66731 0.33148
0.089443 0.68035 0.37039 -0.13903 -0.76509 0.11607 -0.09819 -2.2278 -0.66731 0.33148
2.5337 -0.20491 -0.13755 -0.5699 -1.1505 -0.71806 -0.093408 -2.2945 -0.66731 0.33148
-0.34736 1.0166 -0.86843 -0.50957 1.135 1.1448 -0.074281 -0.95084 0.39783 -0.6238
2.5458 -0.20491 1.1708 -0.56216 -1.1505 -0.71806 -0.10058 -2.3354 -0.66731 0.33148
0.19739 1.8202 0.11266 -0.57086 0.23432 0.13368 -0.10058 -2.3462 -0.66731 0.33148
-0.2761 -0.1721 1.8907 4.2407 -0.20609 -0.19884 -0.095799 3.784 -0.51204 -0.1016
0.029785 0.10056 -0.54729 -0.32823 -0.095991 0.57568 -0.074281 -0.94181 -0.51238 0.14428
2.5605 -0.20491 -0.15245 -0.56947 -1.1505 -0.71806 -0.093408 -2.2535 -0.66731 0.33148
1.6288 0.71085 0.17742 -0.56794 -0.26539 -0.035156 -0.095799 -2.2645 -0.66731 0.33148
-0.0039807 0.10056 -0.74762 -0.53226 -0.095991 1.0616 0.0070098 -0.30452 -0.81312 0.97971
0.2364 -0.20491 -0.61992 -0.5421 -1.1505 -0.71806 -0.04559 -2.3349 -0.66731 0.33148
-0.21803 0.10056 0.54387 1.5576 -0.095991 0.19993 -0.09819 1.5976 -0.49212 0.010587
0.045653 0.70013 -0.59228 -0.51824 -0.56693 0.60651 -0.083844 -2.3078 0.6148 -0.89727
0.057788 0.70013 -0.59289 -0.51341 -0.56693 0.60651 -0.088626 -1.9659 0.6148 -0.89727
-0.32263 1.5798 -0.81133 -0.47182 2.4706 0.57937 -0.09819 -0.63524 0.39783 -0.6238
-0.22946 0.88537 -0.83848 -0.55527 -1.3741 0.73076 0.12416 -2.5146 -0.66731 0.33148
2.5482 -0.20491 0.16811 -0.56942 -1.1505 -0.71806 -0.09819 -2.293 -0.66731 0.33148
0.16888 -0.24035 0.17022 -0.56891 -0.58067 -0.64263 -0.09819 -2.2315 -0.66731 0.33148
0.18784 1.414 0.29169 -0.57056 -0.71152 0.65443 -0.095799 -2.6938 -0.66731 0.33148
0.23292 1.2143 0.19406 -0.56928 -1.0268 0.68009 -0.09819 -2.293 -0.66731 0.33148
-0.0026715 0.10056 0.27527 -0.012607 -0.095991 0.57568 -0.095799 -0.68859 -0.51238 0.14428
0.043885 0.70013 -0.70621 -0.54692 -0.56693 0.60651 -0.079062 -2.059 0.6148 -0.89727
-0.31103 0.10056 0.098595 -0.56473 -0.095991 0.25274 -0.10058 -2.1697 1.2417 -0.86772
3.0974 0.63885 1.5598 -0.46659 2.494 0.33638 -0.09819 4.8002 -0.51204 -0.1016
-0.060103 0.10056 -0.7612 -0.50212 -0.095991 1.0616 0.047655 -0.17579 -0.81312 0.97971
0.48289 2.1622 -0.11108 -0.56768 -0.080959 0.57378 -0.093408 -2.297 -0.66731 0.33148
0.21155 1.6636 -0.1475 -0.51291 -0.39624 0.48201 -0.093408 -2.3024 -0.66731 0.33148
0.86189 0.96467 0.71168 -0.47318 0.23432 -0.11045 -0.10058 -2.1607 -0.66731 0.33148
0.064047 0.8445 -0.3997 -0.47737 -0.9551 0.35565 -0.074281 -2.5634 -0.66731 0.33148
0.098927 2.195 0.69329 -0.36833 0.23432 0.37781 -0.10058 -2.2535 -0.66731 0.33148
2.5481 -0.24035 -0.26502 -0.50437 -0.58067 -0.64263 -0.093408 -2.2071 -0.66731 0.33148
0.17399 2.195 0.36686 -0.52282 0.10347 0.45914 -0.09819 -2.3626 -0.66731 0.33148
-0.22281 1.9471 0.57127 -0.34442 3.2027 0.95539 -0.09819 4.9093 -0.51204 -0.1016
1.3409 0.68457 0.932 0.12338 1.1623 0.032196 -0.093408 3.1168 -0.51204 -0.1016
-0.27071 0.37479 -0.82019 -0.5574 -1.1207 0.089744 -0.016899 -2.255 -0.66731 0.33148
2.5476 -0.20491 0.284 -0.18999 -1.1505 -0.71806 -0.10058 -2.1557 -0.66731 0.33148
0.68112 0.8445 0.14811 -0.5683 -0.9551 0.35565 -0.09819 -2.3011 -0.66731 0.33148
-0.11387 1.2143 -0.75016 -0.50214 -1.0268 0.68009 -0.038417 -2.2816 -0.66731 0.33148
0.060014 0.65908 -0.61074 -0.51896 -0.57269 0.5901 -0.083526 -2.0725 0.57287 -0.89393
-0.28227 1.5515 0.35392 0.63235 3.213 0.36043 -0.096796 6.4729 -0.47935 -0.092065
2.475 -0.27365 1.0071 -0.56135 -0.5865 -0.67512 -0.096796 -2.4094 -0.68133 0.31967
0.4747 2.1185 -0.17078 -0.56711 -0.083975 0.55339 -0.088834 -2.3744 -0.68133 0.31967
1.5925 0.60904 0.092651 -0.56734 -0.26944 -0.12488 -0.091488 -2.3448 -0.68133 0.31967
0.052699 0.65908 -0.47213 -0.50964 -0.57269 0.5901 -0.088834 -2.1066 0.57287 -0.89393
0.046452 0.65908 -0.71422 -0.54869 -0.57269 0.5901 -0.072911 -2.1574 0.57287 -0.89393
0.25039 2.1185 0.17948 -0.48122 0.10149 0.43768 -0.094142 -2.3073 -0.68133 0.31967
0.15543 1.5069 -0.24542 -0.49526 -0.65701 0.91089 -0.078219 -2.4262 -0.68133 0.31967
2.4792 -0.24022 0.078675 -0.5679 -1.1595 -0.81061 -0.094142 -2.3147 -0.68133 0.31967
0.16839 -0.27365 0.086082 -0.5682 -0.5865 -0.67512 -0.094142 -2.3147 -0.68133 0.31967
0.99359 1.3805 5.0689 4.2642 3.3446 0.25016 -0.096796 5.7926 -0.47935 -0.092065
0.034149 0.089027 -0.67354 -0.42266 -0.10958 1.0647 -0.0092158 -0.27111 -0.82446 0.97011
-0.26043 0.32635 -0.8183 -0.55799 -1.1295 0.017934 -0.0039079 -2.3361 -0.68133 0.31967
-0.30377 0.67721 -0.79821 -0.55739 1.2648 0.76177 -0.030447 -0.55642 -0.47935 -0.092065
2.5014 -0.24022 -0.20857 -0.56869 -1.1595 -0.81061 -0.088834 -2.3347 -0.68133 0.31967
2.4753 -0.24022 -0.19496 -0.56907 -1.1595 -0.81061 -0.088834 -2.3721 -0.68133 0.31967
0.10014 2.1512 0.56372 -0.39027 0.23309 0.35559 -0.096796 -2.3347 -0.68133 0.31967
0.045029 1.9633 0.068571 -0.56884 0.10149 0.1823 -0.094142 -2.3781 -0.68133 0.31967
2.4863 -0.24022 0.074332 -0.56859 -1.1595 -0.81061 -0.094142 -2.3781 -0.68133 0.31967
-0.29977 0.089027 0.020677 -0.56449 -0.10958 0.23861 -0.096796 -2.2583 1.1861 -0.86474
0.066119 0.7479 -0.43434 -0.487 -0.96305 0.24996 -0.067603 -2.6174 -0.68133 0.31967
0.050826 0.65908 -0.67691 -0.52815 -0.57269 0.5901 -0.070257 -2.0412 0.57287 -0.89393
0.23086 1.1183 0.10785 -0.56853 -1.0352 0.51884 -0.094142 -2.3708 -0.68133 0.31967
0.8444 0.95977 0.58051 -0.48327 0.23309 -0.13832 -0.096796 -2.2501 -0.68133 0.31967
0.18687 1.341 0.197 -0.56966 -0.71809 0.635 -0.091488 -2.7363 -0.68133 0.31967
1.3116 0.63664 0.71042 -0.032484 1.1065 0.068491 -0.083526 4.0972 -0.47935 -0.092065
0.21001 1.4666 -0.20405 -0.51852 -0.40103 0.29118 -0.088834 -2.3793 -0.68133 0.31967
2.4871 -0.24022 0.99975 -0.56221 -1.1595 -0.81061 -0.096796 -2.4094 -0.68133 0.31967
-0.21312 1.7903 0.47988 -0.43464 3.1109 1.0038 -0.091488 4.5242 -0.47935 -0.092065
0.38082 0.089027 -0.73482 -0.39749 -0.10958 0.99363 -0.0092158 -0.64536 1.5116 -0.83099
0.23424 -0.24022 -0.63543 -0.54441 -1.1595 -0.81061 -0.035755 -2.409 -0.68133 0.31967
0.048176 0.65908 -0.61019 -0.52325 -0.57269 0.5901 -0.078219 -2.3842 0.57287 -0.89393
-0.06866 0.089027 -0.71001 -0.50895 -0.10958 1.0647 -0.0092158 -0.37853 -0.82446 0.97011
0.090893 0.60747 0.26887 -0.18687 -0.77197 0.02931 -0.094142 -2.3113 -0.68133 0.31967
-0.027958 -0.19566 -0.40672 -0.5526 -0.21557 -0.72556 -0.083526 -2.313 -0.68133 0.31967
1.9019 0.32635 0.32902 -0.24912 -1.1295 0.017934 -0.096796 -2.414 -0.68133 0.31967
-0.10744 1.1183 -0.75435 -0.50897 -1.0352 0.51884 -0.027793 -2.3603 -0.68133 0.31967
0.032698 0.089027 -0.56911 -0.3547 -0.10958 0.56601 -0.067603 -1.1138 -0.52977 0.13478
0.17337 2.1512 0.26564 -0.52731 0.10149 0.43768 -0.094142 -2.4342 -0.68133 0.31967
0.66807 0.7479 0.065893 -0.56766 -0.96305 0.24996 -0.094142 -2.3781 -0.68133 0.31967
0.13231 0.65908 -0.68788 -0.53614 -0.57269 0.5901 -0.070257 -1.967 0.57287 -0.89393
2.4893 -0.27365 -0.31135 -0.51094 -0.5865 -0.67512 -0.088834 -2.2924 -0.68133 0.31967
0.023125 -0.27365 0.54086 -0.54749 -0.5865 -0.67512 -0.094142 -2.7932 -0.68133 0.31967
2.4894 -0.24022 0.084157 -0.56865 -1.1595 -0.81061 -0.094142 -2.3708 -0.68133 0.31967
0.0010365 0.089027 0.18201 -0.074723 -0.10958 0.56601 -0.091488 -0.88289 -0.52977 0.13478
2.4888 -0.24022 0.18998 -0.23207 -1.1595 -0.81061 -0.096796 -2.2455 -0.68133 0.31967
-0.10963 0.85575 -0.82441 -0.55651 -1.1295 0.48254 0.012016 -2.3856 -0.68133 0.31967
4.3944 1.5929 -0.59346 -0.22504 2.842 0.57415 -0.080872 6.7623 -0.47935 -0.092065
-0.22019 0.83478 -0.835 -0.5561 -1.3844 0.71022 0.15268 -2.5729 -0.68133 0.31967
0.10694 0.089027 -0.57675 -0.16977 -0.10958 0.99363 -0.041063 -0.18563 1.5116 -0.83099
0.098879 0.30378 0.10604 -0.5686 -1.0538 0.1449 -0.094142 -2.3708 -0.68133 0.31967
0.1962 1.7019 0.033524 -0.56993 0.23309 0.10933 -0.096796 -2.4193 -0.68133 0.31967
0.43574 0.074194 -0.27732 -0.3848 -0.14707 0.5158 -0.088891 -1.3316 -0.52685 0.09078
3.0634 0.51925 1.5399 -0.20324 2.3812 0.30745 -0.095303 3.8494 -0.50021 -0.097037
3.9629 0.66236 -0.14485 1.2784 1.6076 -0.066861 -0.063243 3.3381 -0.50021 -0.097037
-0.28809 0.6887 -0.7951 -0.55702 1.2204 0.7146 -0.056831 -0.80323 -0.50021 -0.097037
0.068836 0.58929 -0.62018 -0.52801 -0.59684 0.54027 -0.079273 -2.5627 0.5594 -0.91769
0.080744 0.58929 -0.62069 -0.52436 -0.59684 0.54027 -0.085685 -2.2668 0.5594 -0.91769
-0.23619 0.69466 2.1289 -0.51609 2.0086 -0.17033 -0.10172 4.4368 -0.50021 -0.097037
1.3402 0.61225 0.50314 -0.11102 1.0227 0.010571 -0.088891 3.3002 -0.50021 -0.097037
-0.21265 0.54436 0.91861 1.1248 3.0536 -0.04192 -0.095303 4.8367 -0.50021 -0.097037
-0.036742 -0.31423 -0.71525 -0.54599 -1.1791 -0.88216 -0.037595 -2.5862 -0.6786 0.27687
0.69238 0.65033 -0.0059038 -0.56574 -0.98412 0.19485 -0.098509 -2.557 -0.6786 0.27687
-0.28116 0.074194 -0.046986 -0.56304 -0.14707 0.18333 -0.10172 -2.4432 1.1647 -0.88896
0.071502 0.58929 -0.68081 -0.53217 -0.59684 0.54027 -0.069655 -2.2371 0.5594 -0.91769
0.067102 0.58929 -0.7147 -0.54962 -0.59684 0.54027 -0.072861 -2.3474 0.5594 -0.91769
-0.20335 0.81485 -0.82663 -0.55591 -1.4022 0.54416 0.08744 -2.7418 -0.6786 0.27687
2.5213 -0.31423 0.001763 -0.56652 -1.1791 -0.88216 -0.098509 -2.557 -0.6786 0.27687
0.38361 0.074194 -0.66058 -0.42115 -0.14707 1.0414 -0.050419 -0.74599 1.4717 -0.85729
0.12111 2.0897 0.44641 -0.41502 0.20259 0.30423 -0.10172 -2.5157 -0.6786 0.27687
0.20562 0.074194 -0.60637 -0.22767 -0.14707 1.0414 -0.050419 -0.30961 1.4717 -0.85729
0.0047887 0.074194 -0.62393 -0.44254 -0.14707 1.0243 -0.037595 -0.49755 -0.82004 0.92044
0.069186 0.074194 -0.18421 -0.14691 -0.14707 0.5158 -0.098509 -1.1124 -0.52685 0.09078
3.0277 1.5059 -0.10435 1.2041 2.8403 0.25132 -0.088891 6.8186 -0.50021 -0.097037
4.4408 1.5901 -0.60499 -0.27463 2.7868 0.52581 -0.082479 6.1438 -0.50021 -0.097037
-0.19319 1.6338 0.65837 -0.21882 2.9708 1.0111 -0.092097 4.5017 -0.50021 -0.097037
0.073386 0.58929 -0.49475 -0.51644 -0.59684 0.54027 -0.092097 -2.2993 0.5594 -0.91769
0.18199 1.4892 -0.25899 -0.50422 -0.6805 0.86867 -0.092097 -2.6025 -0.6786 0.27687
-0.044542 0.074194 -0.71805 -0.51585 -0.14707 1.0243 -0.031183 -0.59952 -0.82004 0.92044
0.086471 0.65033 -0.52431 -0.4972 -0.98412 0.19485 -0.085685 -2.784 -0.6786 0.27687
-0.19019 0.074194 1.1012 1.8514 -0.14707 0.1472 -0.095303 1.3988 -0.50401 -0.04346
0.15347 0.58929 -0.69077 -0.53896 -0.59684 0.54027 -0.069655 -2.1667 0.5594 -0.91769
1.0432 1.3401 1.3456 2.5404 3.2523 0.16247 -0.10678 3.7819 -0.52903 -0.10711
0.16938 0.53899 -0.68808 -0.52217 -0.61211 0.50904 -0.062316 -2.3024 0.56254 -0.95315
3.0665 0.42874 1.0237 -0.20829 2.312 0.34573 -0.090612 4.1735 -0.52903 -0.10711
0.085121 0.53899 -0.62696 -0.51395 -0.61211 0.50904 -0.074443 -2.6686 0.56254 -0.95315
0.13169 0.05734 -0.59083 -0.44978 -0.30973 0.99445 -0.058274 -0.72231 -0.79667 0.86108
0.087775 0.53899 -0.67945 -0.51708 -0.61211 0.50904 -0.062316 -2.3675 0.56254 -0.95315
0.096977 0.53899 -0.62739 -0.51122 -0.61211 0.50904 -0.082527 -2.3949 0.56254 -0.95315
-0.3026 1.5401 1.915 3.7071 3.0213 0.39204 -0.098696 3.5877 -0.52903 -0.10711
1.35 0.57482 0.66225 -0.02658 0.96402 -0.0074466 -0.090612 3.1603 -0.52903 -0.10711
-0.17507 1.563 0.89062 -0.010933 2.8691 1.0248 -0.090612 4.1622 -0.52903 -0.10711
-0.22924 -0.29617 2.6747 3.7959 -0.35732 -0.35221 -0.10274 2.8684 -0.52903 -0.10711
0.089651 0.53899 -0.51835 -0.50527 -0.61211 0.50904 -0.090612 -2.4249 0.56254 -0.95315
0.60283 0.05734 -0.46861 0.063324 -0.30973 1.0733 -0.046147 -0.35882 1.4527 -0.89654
0.083395 0.53899 -0.7088 -0.53018 -0.61211 0.50904 -0.066358 -2.4695 0.56254 -0.95315
-0.24069 1.288 1.1711 2.3765 3.0213 0.3304 -0.098696 5.519 -0.52903 -0.10711
0.1319 0.05734 -0.56284 -0.50483 -0.30973 0.99445 -0.078485 -0.8166 -0.79667 0.86108
4.4379 1.5184 -0.6138 -0.3237 2.7555 0.49267 -0.078485 5.4068 -0.52903 -0.10711
0.22185 0.05734 -0.66797 -0.28844 -0.30973 1.0733 -0.05019 -0.49037 1.4527 -0.89654
-0.21584 0.025764 0.93428 -0.35318 -0.35144 1.0677 -0.095628 -0.73342 1.4304 -0.95203
-0.31001 1.5633 -0.6401 2.9641 2.9161 0.33034 -0.091263 3.0313 -0.37185 -0.23729
-0.2059 0.56667 0.72597 1.6614 2.8354 -0.11769 -0.082533 3.7114 -0.37185 -0.23729
0.73453 0.025764 -0.66698 -0.13999 -0.35144 1.0677 -0.017058 -0.37494 1.4304 -0.95203
1.2696 1.3444 2.4739 1.7852 3.1423 0.41987 -0.091263 4.9611 -0.37185 -0.23729
-0.2281 0.54514 2.9512 0.82786 1.816 -0.27977 -0.091263 3.5828 -0.37185 -0.23729
1.2635 0.56228 0.28202 -0.13578 0.86601 -0.077403 -0.082533 2.6324 -0.37185 -0.23729
-0.25406 1.2955 0.76446 1.8594 2.9161 0.26777 -0.091263 4.4463 -0.37185 -0.23729
-0.18555 0.025764 2.3633 0.94288 -0.35144 0.038852 -0.095628 0.64373 -0.47942 -0.13719
-0.2383 -0.3554 1.8057 2.3582 -0.41515 -0.40758 -0.086898 2.9714 -0.37185 -0.23729
2.8644 1.5358 -0.25495 0.53939 2.708 0.14894 -0.073803 5.3114 -0.37185 -0.23729
-0.1869 1.4976 0.64007 -0.19652 2.708 1.0125 -0.078168 3.692 -0.37185 -0.23729
-0.21484 0.025764 -0.29769 -0.52697 -0.35144 0.93985 -0.091263 -1.0728 -0.75538 0.78853
-0.097766 0.025764 -0.83526 -0.48019 -0.35144 0.93985 -0.086898 -0.98477 -0.75538 0.78853
2.8972 0.34945 0.84065 -0.28663 2.2217 0.28065 -0.086898 3.3013 -0.37185 -0.23729
0.034382 -0.46148 1.9132 2.2144 1.0991 0.5997 -0.091263 1.7366 -0.75538 0.78853
-0.10221 0.017358 -0.84169 -0.43639 -0.38341 0.93745 -0.078831 -1.147 -0.72689 0.73834
1.3072 0.82883 -0.58613 -0.48772 0.99849 -0.23473 -0.083183 3.9122 -0.37212 -0.23437
-0.31653 1.6184 -0.66306 2.1077 2.8705 0.30409 -0.083183 2.5267 -0.37212 -0.23437
0.03124 -0.5302 1.6739 1.5464 1.0546 0.60441 -0.083183 1.3493 -0.72689 0.73834
1.2778 1.4454 4.0554 1.2251 3.0954 0.39622 -0.087536 4.2969 -0.37212 -0.23437
-0.25469 1.2449 0.82932 0.89068 2.7902 0.3061 -0.078831 3.8227 -0.37212 -0.23437
-0.23484 0.56891 3.8275 0.50822 1.7619 -0.30255 -0.087536 3.0325 -0.37212 -0.23437
-0.24412 -0.37181 0.88584 1.6541 -0.45995 -0.43081 -0.087536 2.2039 -0.37212 -0.23437
-0.20942 0.596 1.4893 0.83793 2.7223 -0.10879 -0.078831 3.2452 -0.37212 -0.23437
1.2726 0.6248 0.47651 -0.21332 0.80232 -0.097309 -0.083183 2.1608 -0.37212 -0.23437
-0.19108 1.5846 0.98307 -0.2588 2.6635 0.9935 -0.078831 3.1327 -0.37212 -0.23437
0.90519 0.017358 -0.83628 -0.20495 -0.38341 1.1007 -0.044013 -0.56803 1.4226 -0.98436
-0.24952 1.1325 0.81402 0.39319 2.6567 0.31777 -0.081953 3.3541 -0.3936 -0.19711
1.2643 1.4657 2.3662 0.17853 2.9019 0.43511 -0.08623 4.3306 -0.3936 -0.19711
-0.22149 0.62821 1.403 0.5537 2.6567 -0.15552 -0.08623 2.8031 -0.3936 -0.19711
3.3407 1.6867 -0.63311 0.12039 2.5982 0.085219 -0.077675 4.1127 -0.3936 -0.19711
-0.20803 1.512 0.7865 0.027003 2.5004 1.0541 -0.073398 2.9329 -0.3936 -0.19711
-0.28856 1.1472 -0.28903 -0.31935 2.7242 -0.13652 -0.081953 3.5614 -0.3936 -0.19711
-0.30047 1.601 0.17965 0.33317 2.5466 -0.25748 -0.08623 3.2758 -0.3936 -0.19711
-0.047448 -0.61459 0.70133 0.82661 0.98724 0.59668 -0.081953 1.2679 -0.7101 0.69619
0.89092 -0.045375 -0.83814 -0.23148 -0.43787 1.1241 -0.043457 -0.80708 1.3843 -0.99565
-0.25911 -0.45986 0.78797 0.97486 -0.52703 -0.48015 -0.08623 1.8099 -0.3936 -0.19711
-0.33192 1.4513 0.5691 1.6184 2.7242 0.32672 -0.077675 2.324 -0.3936 -0.19711
1.2825 1.5382 2.309 0.043763 2.7955 0.38253 -0.087641 3.5411 -0.35486 -0.22237
1.2754 1.2801 0.027806 -0.35233 2.9197 0.11009 -0.083362 2.1647 -0.35486 -0.22237
1.2759 0.53705 2.1962 1.4163 0.61633 -0.1646 -0.083362 1.535 -0.35486 -0.22237
-0.042065 -0.71821 0.64436 0.38143 0.89601 0.57396 -0.079083 1.1744 -0.65633 0.62073
4.2831 1.4212 0.15039 2.0631 2.2864 0.42874 -0.066247 1.6696 -0.35486 -0.22237
0.61038 0.53217 -0.49775 -0.23195 0.85424 -0.28098 -0.070526 2.4851 -0.35486 -0.22237
-0.22449 0.48805 0.54727 0.274 2.3997 -0.14618 -0.074804 2.8992 -0.35486 -0.22237
-0.207 1.3651 -0.00017122 -0.090182 2.2864 0.7117 -0.066247 2.4162 -0.35486 -0.22237
-0.30095 1.4363 0.12889 0.051296 2.3585 -0.24496 -0.083362 2.5468 -0.35486 -0.22237
0.94681 0.99911 0.83848 1.0011 2.6991 0.080243 -0.087641 2.1431 -0.35486 -0.22237
-0.25913 -0.57615 0.22015 0.26863 -0.60018 -0.46736 -0.070526 1.604 -0.35486 -0.22237
-0.28533 1.0249 -0.26794 -0.32965 2.4961 -0.14704 -0.079083 2.8567 -0.35486 -0.22237
-0.24976 0.37369 0.12182 0.37984 1.4506 -0.15491 -0.074804 2.015 -0.35486 -0.22237
-0.33417 1.2374 0.21276 0.83551 2.4452 0.37638 -0.066247 1.9307 -0.35486 -0.22237
1.2906 0.32676 -0.43512 3.8835 1.4008 -0.25358 -0.083362 3.0698 -0.35486 -0.22237
0.23619 0.9128 -0.040571 0.094843 2.3585 0.41013 -0.066247 2.5581 -0.35486 -0.22237
0.90464 -0.14993 -0.8767 -0.19273 -0.63024 1.1131 -0.044852 -1.0022 1.4478 -1.0791
-0.22158 0.40543 0.52879 0.1973 2.329 -0.17852 -0.070045 2.2974 -0.33688 -0.19526
-0.20427 1.4276 -0.091738 -0.1293 2.2162 0.70799 -0.066095 2.1548 -0.33688 -0.19526
1.3089 0.36044 -0.077374 -0.50728 1.99 -0.26543 -0.077946 1.7652 -0.33688 -0.19526
1.2268 0.53691 -0.61489 4.4319 2.6271 -0.40399 -0.073996 2.1876 -0.33688 -0.19526
-0.32979 1.2968 -0.50795 -0.31324 2.5487 -0.16401 -0.077946 2.1423 -0.33688 -0.19526
-0.28266 1.1076 -0.29656 -0.36182 2.425 -0.18194 -0.073996 2.5794 -0.33688 -0.19526
1.2994 0.23036 -0.46583 3.5156 1.3057 -0.16307 -0.077946 2.3812 -0.33688 -0.19526
-0.27539 1.6298 -0.94355 5.1319 2.7231 0.15667 -0.085848 2.7893 -0.33688 -0.19526
0.6165 0.55971 -0.52924 -0.27191 0.79033 -0.31298 -0.066095 2.2212 -0.33688 -0.19526
0.83132 -0.1848 -0.91698 -0.19762 -0.70753 1.1566 -0.066095 -1.128 1.4672 -1.1046
-0.3383 1.2367 -0.72479 -0.26796 2.0763 0.19038 -0.054243 1.9534 -0.33688 -0.19526
-0.29039 -0.6843 -0.92081 -0.57254 -0.67457 -0.47398 -0.081897 0.80266 -0.33688 -0.19526
-0.27008 -0.36535 0.059288 -0.55861 0.15022 -0.83146 -0.077946 2.6235 -0.33688 -0.19526
-0.27407 1.5823 -0.54472 0.65556 2.329 0.81589 -0.073996 2.412 -0.33688 -0.19526
0.32225 0.96411 -0.33161 0.028835 2.288 0.39412 -0.066095 2.2916 -0.33688 -0.19526
1.2853 0.48913 -0.47373 1.1539 0.51379 -0.16062 -0.073996 1.5554 -0.33688 -0.19526
-0.30159 1.5186 0.35478 -0.011242 2.288 -0.28335 -0.077946 2.2807 -0.33688 -0.19526
1.2841 1.1164 0.12858 -0.46314 2.7231 0.16259 -0.073996 2.011 -0.33688 -0.19526
-0.25656 -0.6843 0.2933 0.10164 -0.67457 -0.47398 -0.066095 1.6383 -0.33688 -0.19526
2.6603 1.2481 -0.8409 0.50256 1.9181 0.34108 -0.018688 2.5798 -0.33688 -0.19526
4.3021 0.20682 -0.57301 0.29376 1.1503 -0.11935 -0.054243 1.1582 -0.33688 -0.19526
1.2912 1.499 2.3125 -0.018174 2.7231 0.36702 -0.081897 3.2391 -0.33688 -0.19526
0.028458 1.0656 0.97037 -0.055712 2.7231 -0.01444 -0.073996 2.6073 -0.33688 -0.19526
-0.33334 1.1439 0.027829 0.92973 2.329 0.3879 -0.070045 1.7488 -0.33688 -0.19526
0.95422 0.98419 0.82364 0.86291 2.6271 0.054916 -0.081897 1.8916 -0.33688 -0.19526
-0.038453 -0.82109 0.6271 0.29258 0.81632 0.61118 -0.073996 0.96902 -0.6437 0.5934
-0.24697 0.26952 0.32768 0.0086594 1.3137 -0.15905 -0.066095 2.0793 -0.33688 -0.19526
1.3964 0.43305 -0.18041 0.98857 0.4803 -0.16614 -0.067825 1.5323 -0.31556 -0.20909
0.072285 1.048 0.94745 -0.076448 2.7155 -0.033205 -0.071436 2.0512 -0.31556 -0.20909
-0.21805 0.21604 -0.39476 -0.015722 1.262 -0.1574 -0.067825 1.7677 -0.31556 -0.20909
-0.25636 1.127 -0.21261 -0.071015 2.2449 -0.11081 -0.067825 2.756 -0.31556 -0.20909
-0.27216 1.486 -0.25221 -0.034496 2.2821 -0.30438 -0.078657 2.1631 -0.31556 -0.20909
-0.30499 1.1366 -0.58799 -0.42179 2.323 -0.050776 -0.067825 2.1261 -0.31556 -0.20909
4.5773 1.467 0.0357 1.2953 2.1216 0.45199 -0.071436 1.5854 -0.31556 -0.20909
-0.19131 0.34719 0.45575 0.09555 2.2821 -0.1744 -0.067825 2.2303 -0.31556 -0.20909
-0.24803 1.3658 -0.47568 2.8983 2.5418 0.2539 -0.078657 2.6922 -0.31556 -0.20909
0.38192 0.94535 -0.34962 -0.034387 2.2821 0.37237 -0.064215 2.174 -0.31556 -0.20909
-0.027992 -0.85906 1.271 -0.080476 0.80234 0.60374 -0.075047 0.97717 -0.62655 0.57394
-0.21431 0.55767 -0.49304 -0.2804 0.78782 -0.32072 -0.067825 2.1037 -0.31556 -0.20909
1.3353 0.51638 -0.25662 2.9969 2.5418 -0.38483 -0.067825 2.1743 -0.31556 -0.20909
-0.32312 0.92583 2.5383 1.402 2.6199 -0.61751 -0.075047 1.7502 -0.31556 -0.20909
1.4117 0.0070033 0.2879 2.0115 1.262 -0.13979 -0.071436 2.6018 -0.31556 -0.20909
1.3957 1.0993 0.10884 -0.4608 2.7155 0.14191 -0.071436 1.894 -0.31556 -0.20909
-0.17349 1.322 -0.069542 0.068994 2.1788 0.70296 -0.064215 2.0874 -0.31556 -0.20909
-0.30915 1.0645 0.24639 0.048047 2.2821 0.39521 -0.064215 1.8438 -0.31556 -0.20909
1.048 0.92583 0.80128 0.79015 2.6199 0.035863 -0.078657 1.775 -0.31556 -0.20909
3.157 1.127 -0.78017 0.24076 1.7987 0.37382 0.0043867 2.6275 -0.31556 -0.20909
-0.22822 -0.71737 -0.33134 0.071998 -0.68366 -0.49393 -0.067825 1.3766 -0.31556 -0.20909
0.48449 0.8627 0.42114 0.8798 2.235 0.3765 -0.063576 2.1988 -0.30102 -0.22785
1.4588 0.4018 -0.075368 0.76265 0.43423 -0.17249 -0.063576 1.4601 -0.30102 -0.22785
-0.18411 0.27338 -0.0051359 -0.16072 2.2723 -0.19374 -0.070516 2.1347 -0.30102 -0.22785
-0.25327 -0.78512 0.58818 1.6743 -0.7138 -0.5063 -0.073986 0.83479 -0.30102 -0.22785
-0.24809 1.3438 -0.2133 -0.062369 2.235 -0.12998 -0.070516 2.4156 -0.30102 -0.22785
-0.30341 1.0445 0.13948 0.0050935 2.235 0.39854 -0.060106 1.6298 -0.30102 -0.22785
-0.30898 1.2356 -0.94226 -0.28405 2.0609 0.15236 -0.063576 1.7396 -0.30102 -0.22785
0.21892 1.053 0.23869 -0.068224 2.7066 -0.052165 -0.073986 1.9549 -0.30102 -0.22785
-0.012778 -0.89269 1.2324 -0.072565 0.77726 0.59243 -0.073986 0.88034 -0.60879 0.55916
3.298 -0.12269 -0.5287 -0.34085 1.3653 0.31197 -0.053166 1.7274 -0.30102 -0.22785
4.7455 1.3591 0.014308 1.4103 2.1115 0.43434 -0.070516 1.4874 -0.30102 -0.22785
1.0993 0.9387 2.4226 0.43461 2.5325 0.068216 -0.073986 1.7019 -0.30102 -0.22785
3.0876 1.028 -0.76302 0.027847 1.7401 0.39648 0.012765 2.3862 -0.30102 -0.22785
1.4747 -0.042895 0.26301 2.1822 1.2394 -0.15903 -0.070516 2.2115 -0.30102 -0.22785
-0.31771 0.95961 -0.44261 1.9941 2.5325 -0.59165 -0.073986 1.4344 -0.30102 -0.22785
1.4858 0.35825 0.80007 0.24949 1.8869 -0.23317 -0.070516 2.0449 -0.30102 -0.22785
-0.23861 1.5667 -0.57502 0.65501 2.3133 0.77483 -0.070516 2.1987 -0.30102 -0.22785
-0.16329 1.2236 -0.047248 0.029074 2.1392 0.70628 -0.060106 1.98 -0.30102 -0.22785
-0.20915 0.12421 -0.41017 -0.18429 1.1653 -0.1767 -0.067046 1.6704 -0.30102 -0.22785
-0.2344 -0.39025 0.6048 -0.25461 0.12602 -0.84318 -0.070516 2.4043 -0.30102 -0.22785
-0.2196 -0.78512 -0.07916 -0.28158 -0.7138 -0.5063 -0.063576 1.3198 -0.30102 -0.22785
-0.24837 1.313 -0.23453 -0.060133 2.2514 -0.1559 -0.072963 2.3627 -0.30012 -0.22509
-0.18723 0.18085 -0.017844 -0.38217 2.289 -0.21941 -0.069629 2.0782 -0.30012 -0.22509
-0.30361 0.99637 -0.065654 -0.063642 2.1848 0.4168 -0.056295 1.7101 -0.30012 -0.22509
1.4347 0.26748 0.79844 0.23203 1.8014 -0.053288 -0.069629 1.6142 -0.30012 -0.22509
3.1949 -0.19318 -0.54861 -0.32103 1.294 0.2896 -0.052962 1.6654 -0.30012 -0.22509
-0.24164 1.2856 -0.50935 2.9383 2.5509 0.20832 -0.076296 2.5479 -0.30012 -0.22509
-0.20221 0.46175 -0.028891 0.93627 0.7769 -0.33492 -0.069629 1.9566 -0.30012 -0.22509
1.424 -0.094105 0.50924 1.4033 1.2218 -0.149 -0.066296 2.2252 -0.30012 -0.22509
0.038256 -0.92829 1.9211 -0.20343 0.77454 0.56939 -0.076296 0.82067 -0.60073 0.55775
0.079655 1.0041 0.82151 -0.11893 2.6297 -0.024751 -0.069629 1.9159 -0.30012 -0.22509
-0.20944 1.2229 -0.56924 0.16858 2.1271 0.60427 -0.056295 1.8377 -0.30012 -0.22509
4.6008 1.2856 0.001867 1.3195 2.1271 0.40614 -0.069629 1.4223 -0.30012 -0.22509
-0.21799 0.69225 0.04658 0.1008 2.7262 -0.48152 -0.076296 1.8989 -0.30012 -0.22509
-0.16607 1.2471 0.11486 -0.028264 2.1271 0.69426 -0.062962 1.9261 -0.30012 -0.22509
1.3474 0.53201 -0.29036 -0.30165 2.5509 -0.42956 -0.066296 2.0212 -0.30012 -0.22509
-0.2661 1.313 -0.99218 -0.023257 2.289 -0.34922 -0.07963 2.0098 -0.30012 -0.22509
-0.21156 0.034375 0.17175 0.8469 1.1348 -0.1813 -0.062962 1.6465 -0.30012 -0.22509
-0.31699 0.96663 -0.46133 1.7805 2.5509 -0.61571 -0.072963 1.3686 -0.30012 -0.22509
1.059 1.0361 4.1194 0.36926 2.5509 0.041494 -0.076296 1.6396 -0.30012 -0.22509
-0.20161 -0.81938 0.15885 -0.24295 -0.73102 -0.51605 -0.059629 1.4795 -0.30012 -0.22509
1.4085 0.40721 -0.089042 0.53178 0.40941 -0.19824 -0.062962 1.3946 -0.30012 -0.22509
4.6006 0.16205 -0.9016 0.15711 1.1034 -0.16723 -0.062962 0.87144 -0.30012 -0.22509
0.46267 0.84478 0.22762 0.66217 2.2168 0.21083 -0.062962 2.0613 -0.30012 -0.22509
1.4198 0.43094 0.09663 0.48248 0.36895 -0.18834 -0.066374 1.2849 -0.2862 -0.195
-0.16097 1.3828 0.087877 -0.072157 2.1395 0.68533 -0.069611 1.8082 -0.2862 -0.195
-0.1802 0.20529 0.49131 0.15239 2.1986 -0.16196 -0.066374 2.1029 -0.2862 -0.195
0.88572 -0.12207 0.88907 -0.21611 1.2147 -0.12424 -0.069611 2.212 -0.2862 -0.195
-0.16005 1.0808 -0.341 -0.26908 2.4466 0.61372 -0.066374 2.3556 -0.2862 -0.195
3.2172 -0.20996 -0.39666 -0.34935 1.2617 0.3002 -0.069611 1.5516 -0.2862 -0.195
-0.19497 0.37593 0.23388 -0.3057 2.6548 -0.12362 -0.066374 2.4816 -0.2862 -0.195
1.4487 0.36917 2.5896 0.19898 1.8055 -0.040673 -0.072848 1.5012 -0.2862 -0.195
-0.21546 1.3375 -0.61855 0.090785 2.0873 0.62378 -0.069611 1.8097 -0.2862 -0.195
-0.21114 0.71179 0.026633 0.074862 2.7537 -0.46497 -0.072848 1.7815 -0.2862 -0.195
-0.24638 1.3233 -0.3594 0.1257 2.1395 -0.16134 -0.066374 2.3956 -0.2862 -0.195
-0.23488 1.2216 0.034711 0.36295 2.4466 0.29894 -0.069611 2.4447 -0.2862 -0.195
-0.20474 0.082173 2.508 0.78052 1.1056 -0.16188 -0.072848 1.533 -0.2862 -0.195
-0.17979 -0.79853 0.97035 -0.28719 -0.78622 -0.52024 -0.066374 1.4782 -0.2862 -0.195
-0.058881 0.95607 0.45516 0.48762 2.1986 0.23027 -0.069611 2.1435 -0.2862 -0.195
-0.29683 1.0147 0.050077 -0.14245 2.1395 0.44958 -0.056664 1.8736 -0.2862 -0.195
0.041783 -0.90542 3.2877 0.18588 0.79181 0.56578 -0.072848 0.80007 -0.60626 0.54906
-0.2345 1.6177 0.1011 0.60223 2.1986 0.83745 -0.069611 2.1634 -0.2862 -0.195
-0.18985 0.75701 -0.21353 -0.1498 2.3944 0.10139 -0.053427 2.1261 -0.2862 -0.195
-0.28729 1.055 0.93275 -0.2283 2.5058 0.071712 -0.066374 2.3257 -0.2862 -0.195
4.6201 0.21686 -0.95723 1.4081 1.0573 -0.13956 -0.069611 0.95703 -0.2862 -0.195
-0.31043 0.98455 0.58905 1.0618 2.5058 -0.55786 -0.066374 1.761 -0.2862 -0.195
-0.22957 -0.34456 2.1141 -0.012954 0.090764 -0.80376 -0.069611 2.3551 -0.2862 -0.195
-0.19866 1.2216 -0.044982 9.3601 2.8812 0.21233 -0.072848 2.7349 -0.2862 -0.195
-0.22346 1.8422 -0.88492 0.51622 2.2689 0.84089 -0.071933 1.6022 -0.33136 -0.15612
-0.29233 1.1043 -0.96038 1.3705 2.0207 0.19803 -0.068894 2.4335 -0.33136 -0.15612
-0.28801 1.1414 -0.19341 -0.34235 2.2074 0.45497 -0.059778 1.8088 -0.33136 -0.15612
-0.14787 0.98489 -0.39368 -0.30635 2.4239 0.67959 -0.062817 1.9795 -0.33136 -0.15612
0.92424 -0.11635 0.81721 -0.22219 1.3069 -0.10196 -0.068894 1.7524 -0.33136 -0.15612
-0.211 0.59737 -0.98858 0.75337 0.88241 -0.31256 -0.074972 0.9062 -0.33136 -0.15612
0.059052 -0.85812 3.1175 0.14054 0.88241 0.5893 -0.071933 0.31707 -0.60921 0.50542
-0.23661 1.1319 -0.40719 0.029972 2.1532 -0.12974 -0.062817 2.058 -0.33136 -0.15612
-0.1488 1.397 0.048863 -0.074347 2.2074 0.68953 -0.068894 0.9062 -0.33136 -0.15612
-0.12267 -0.30862 -0.081226 0.045823 2.2372 -0.4831 -0.068894 2.4335 -0.33136 -0.15612
-0.21908 -0.28515 2.3519 -0.03887 0.097694 -0.79209 -0.071933 1.9829 -0.33136 -0.15612
1.5024 0.38464 2.4014 0.18649 1.8469 -0.010873 -0.071933 2.4335 -0.33136 -0.15612
-0.24954 1.2025 -0.9419 3.1634 2.3031 -0.26248 -0.074972 2.2083 -0.33136 -0.15612
-0.16857 0.1609 0.36016 0.037988 2.2372 -0.13751 -0.062817 1.8489 -0.33136 -0.15612
4.7526 0.23418 -0.9534 1.2433 1.0724 -0.1162 -0.068894 1.6022 -0.33136 -0.15612
0.053956 0.90588 -0.33888 -0.18637 2.4239 0.14052 -0.056739 1.5455 -0.33136 -0.15612
-0.30203 0.88787 0.5295 0.93089 2.5882 -0.54742 -0.065855 2.2083 -0.33136 -0.15612
-0.044147 0.89981 0.40109 0.52594 2.2689 0.23676 -0.068894 1.8652 -0.33136 -0.15612
-0.16801 -0.75249 0.37526 0.036298 -0.80586 -0.50691 -0.065855 2.0063 -0.33136 -0.15612
-0.20467 1.3519 -0.6286 0.054736 2.1532 0.62829 -0.068894 1.2542 -0.33136 -0.15612
-0.18412 0.41695 0.51937 -0.26347 2.6593 -0.077445 -0.062817 1.7699 -0.33136 -0.15612
-0.27825 1.0067 -0.21159 -0.13101 2.4239 0.16947 -0.059778 2.0029 -0.33136 -0.15612
1.5235 1.5285 3.9386 -0.45686 2.6475 0.40841 -0.071705 2.5618 -0.39044 -0.11723
-0.22621 0.10149 -0.54624 0.54787 1.6454 0.069969 -0.06867 2.8391 -0.39044 -0.11723
-0.22462 1.638 -0.1684 0.56133 2.1839 0.885 -0.06867 2.4987 -0.39044 -0.11723
-0.29794 1.2248 -0.92541 1.1157 1.9923 0.19944 -0.06867 2.4912 -0.39044 -0.11723
-0.15158 1.117 -0.33462 -0.34143 2.4061 0.6824 -0.065634 2.0929 -0.39044 -0.11723
-0.16182 1.2471 1.8281 0.82583 2.5115 -0.065964 -0.06867 3.5349 -0.39044 -0.11723
0.052679 0.8585 -0.30544 -0.23718 2.4061 0.14177 -0.056527 1.7121 -0.39044 -0.11723
-0.17207 -0.72401 0.40693 -0.20454 -0.87996 -0.49297 -0.065634 2.1164 -0.39044 -0.11723
-0.22198 -0.2808 1.3256 -0.19572 0.086762 -0.73488 -0.065634 3.5039 -0.39044 -0.11723
-0.22939 1.3909 -0.27569 0.059162 2.3199 0.42626 -0.06867 3.0897 -0.39044 -0.11723
0.31802 -0.20202 -0.84318 -0.4956 -0.73264 1.1726 -0.053492 -0.23928 1.5728 -1.1953
-0.29352 1.2248 -0.12706 -0.37272 2.1839 0.45713 -0.062598 1.9431 -0.39044 -0.11723
1.5192 0.42621 2.428 0.086806 1.814 -0.010065 -0.071705 2.4912 -0.39044 -0.11723
-0.22769 0.98512 4.7175 1.1018 2.8391 0.090529 -0.071705 4.8808 -0.39044 -0.11723
-0.25461 1.214 -0.90697 3.1769 2.4061 -0.26241 -0.074741 2.2936 -0.39044 -0.11723
-0.20918 1.4725 -0.59445 -0.027677 2.1283 0.63096 -0.06867 1.4566 -0.39044 -0.11723
-0.15239 1.4062 1.6896 0.42487 2.1553 0.70875 -0.06867 2.3431 -0.39044 -0.11723
-0.24149 1.2248 -0.67095 -0.031554 2.1283 -0.12928 -0.06867 2.1618 -0.39044 -0.11723
1.4887 0.44256 4.8191 1.1286 0.28631 -0.22282 -0.071705 3.9722 -0.39044 -0.11723
-0.084925 0.81745 0.51794 0.27329 2.2144 0.25617 -0.065634 2.5067 -0.39044 -0.11723
3.3378 -0.10321 -1.0112 1.1023 1.22 0.33572 -0.071705 3.5349 -0.39044 -0.11723
0.64849 -0.014914 0.5184 -0.2683 1.2948 -0.10142 -0.071705 1.8937 -0.39044 -0.11723
-0.17255 0.14479 -0.15031 -0.020861 2.1553 -0.10858 -0.059563 2.7944 -0.39044 -0.11723
-0.19805 0.16928 3.2743 0.74482 1.0348 -0.1429 -0.071705 2.3431 -0.39044 -0.11723
-0.30776 0.94564 2.0159 0.42346 2.5115 -0.51519 -0.06867 3.1329 -0.39044 -0.11723
-0.1262 -0.31009 -0.18607 -0.15459 2.2144 -0.43238 -0.065634 2.9849 -0.39044 -0.11723
-0.28371 0.965 -0.060165 -0.22588 2.361 0.19039 -0.056527 2.3789 -0.39044 -0.11723
-0.18748 0.42851 0.17914 -0.34609 2.5746 -0.039555 -0.062598 2.3217 -0.39044 -0.11723
-0.23331 -0.72401 4.0405 1.4838 -0.87996 -0.49297 -0.071705 3.5349 -0.39044 -0.11723
-0.24711 1.3064 0.38426 2.5159 2.3019 -0.20223 -0.079929 -0.62193 -0.38738 -0.12957
-0.27836 1.0087 0.0024619 -0.2823 2.2558 0.19459 -0.065326 2.735 -0.38738 -0.12957
-0.20127 1.6414 -0.46139 -0.0068974 2.0172 0.62762 -0.079929 2.0358 -0.38738 -0.12957
-0.28395 1.3064 -0.43805 1.4646 2.1389 0.00039378 -0.079929 0.47898 -0.38738 -0.12957
1.5957 1.4541 4.1045 -0.44899 2.5494 0.40775 -0.079929 3.9168 -0.38738 -0.12957
-0.2221 1.2514 -0.33057 -0.061127 2.0742 0.50136 -0.071167 1.8489 -0.38738 -0.12957
1.5595 0.41461 -0.034573 0.93913 0.12839 -0.29578 -0.079929 4.3035 -0.38738 -0.12957
3.4763 -0.025143 -0.038651 1.0193 1.0822 0.34451 -0.077009 2.321 -0.38738 -0.12957
-0.16306 0.18654 -0.19558 -0.071527 1.991 -0.068857 -0.062406 2.7563 -0.38738 -0.12957
5.0049 0.32379 -0.018003 1.4176 1.0668 -0.10362 -0.068247 3.3629 -0.38738 -0.12957
-0.21417 -0.2779 0.5841 -0.17576 -0.035709 -0.72302 -0.074088 2.6071 -0.38738 -0.12957
-0.28836 1.2837 -0.26704 -0.36232 2.0742 0.45395 -0.074088 2.4041 -0.38738 -0.12957
0.11122 0.97765 -0.17513 -0.22271 2.3019 0.14651 -0.068247 2.4882 -0.38738 -0.12957
-0.21562 1.4238 -0.098988 0.49016 2.0172 0.54447 -0.074088 0.92524 -0.38738 -0.12957
-0.17857 0.50419 0.24795 -0.33488 2.4747 -0.036452 -0.071167 3.2866 -0.38738 -0.12957
-0.11514 -0.19056 -0.62821 -0.13763 2.1055 -0.42431 -0.077009 3.0765 -0.38738 -0.12957
0.68834 -0.041874 0.59597 -0.25476 1.0861 -0.089179 -0.079929 2.3199 -0.38738 -0.12957
-0.142 1.4541 3.4902 0.45926 2.0449 0.70448 -0.079929 3.5446 -0.38738 -0.12957
-0.30329 1.0152 1.5416 0.062743 2.41 -0.50314 -0.079929 3.2025 -0.38738 -0.12957
-0.14147 1.1316 -0.42607 -0.33009 2.3019 0.29376 -0.077009 2.4882 -0.38738 -0.12957
-0.20542 0.86012 0.15098 0.18603 1.991 0.30427 -0.068247 2.7285 -0.38738 -0.12957
-0.23457 1.2019 -0.6241 -0.0082603 2.0172 -0.12504 -0.077009 2.376 -0.38738 -0.12957
-0.17023 -0.69151 0.37554 -0.072838 -1.0283 -0.47776 -0.071167 2.3851 -0.38738 -0.12957
-0.18952 0.254 3.423 0.78884 0.87288 -0.18047 -0.079929 3.5446 -0.38738 -0.12957
-0.21991 1.1155 -0.23596 1.2332 2.6377 0.15102 -0.079929 2.2819 -0.38738 -0.12957
-0.14415 0.2175 -0.13581 -0.035103 1.9101 -0.084365 -0.073976 3.2073 -0.37656 -0.12391
-0.20183 -0.073474 0.59825 0.6176 1.7684 0.085826 -0.085095 1.9858 -0.37656 -0.12391
5.2423 0.3645 0.05181 1.6824 0.95185 -0.11904 -0.079536 4.6158 -0.37656 -0.12391
3.649 0.073897 0.029994 1.223 0.94796 0.32805 -0.087875 2.4745 -0.37656 -0.12391
-0.18893 0.90099 0.10156 0.17752 1.8582 0.30054 -0.079536 2.2064 -0.37656 -0.12391
-0.16154 0.56036 0.84107 -0.37255 2.3094 -0.025865 -0.087875 1.2327 -0.37656 -0.12391
-0.18321 -0.64663 0.45795 -0.083561 -1.1602 -0.51244 -0.082316 1.5778 -0.37656 -0.12391
-0.12195 1.131 0.28379 0.39515 2.1097 0.32212 -0.087875 0.79244 -0.37656 -0.12391
-0.26428 1.059 -0.067056 -0.27818 2.1526 0.17847 -0.079536 3.0625 -0.37656 -0.12391
-0.29031 1.0267 1.6996 0.11975 2.3751 -0.51765 -0.090655 3.9169 -0.37656 -0.12391
-0.23175 1.3793 0.47681 2.4278 2.1995 -0.21743 -0.090655 -0.1854 -0.37656 -0.12391
-0.21868 1.3183 -0.58855 -0.020889 1.9101 -0.13349 -0.087875 2.6257 -0.37656 -0.12391
-0.086164 1.354 1.132 -0.54768 2.7924 0.20179 -0.087875 1.4657 -0.37656 -0.12391
-0.20106 1.4061 0.067637 0.57876 1.8582 0.56169 -0.082316 0.29117 -0.37656 -0.12391
-0.19741 -0.29207 0.68795 -0.21261 -0.15261 -0.73702 -0.085095 2.8196 -0.37656 -0.12391
-0.20566 1.1799 -0.3419 -0.11185 1.8582 0.54641 -0.076756 0.93949 -0.37656 -0.12391
1.6512 0.35823 0.034303 1.1305 -0.011912 -0.31077 -0.090655 4.2663 -0.37656 -0.12391
0.85316 1.1886 4.0853 -0.1548 2.7924 -0.12285 -0.090655 -2.9965 -0.37656 -0.12391
-0.27447 1.2851 1.9699 0.39347 1.9681 0.45829 -0.087875 -2.9965 -0.37656 -0.12391
-0.20339 1.0795 0.20018 1.1315 2.451 0.19045 -0.087875 1.2285 -0.37656 -0.12391
-0.20822 1.1604 0.37965 0.53839 2.3568 0.23528 -0.096679 1.2298 -0.38805 -0.14269
-0.27205 1.1751 -0.097432 -0.28623 2.1347 0.18695 -0.096679 4.1779 -0.38805 -0.14269
-0.20658 -0.10652 0.66534 0.67522 2.0161 0.096544 -0.096679 1.5084 -0.38805 -0.14269
5.4955 0.39796 -0.84217 0.66304 0.94411 -0.10072 -0.099555 4.8631 -0.38805 -0.14269
4.6936 1.4651 -0.39384 0.084673 1.6098 0.6357 -0.073672 0.54724 -0.38805 -0.14269
-0.13129 1.1981 4.6247 0.67261 2.3568 -0.038816 -0.10243 1.9453 -0.38805 -0.14269
-0.29923 1.0932 4.0487 0.61965 2.2912 -0.48133 -0.10243 2.1102 -0.38805 -0.14269
-0.068096 -0.26584 -0.66748 -0.48991 -1.0604 0.86048 -0.065044 -0.34248 -0.60195 0.40336
1.7763 0.65859 2.357 0.42051 1.5126 0.10789 -0.099555 0.16727 -0.38805 -0.14269
-0.17506 0.39796 3.9436 -0.46525 0.73957 -0.17561 -0.10243 1.9453 -0.38805 -0.14269
-0.19839 1.4651 -0.14671 0.43717 1.8408 0.5695 -0.099555 0.6234 -0.38805 -0.14269
-0.1462 0.27758 0.60769 0.22935 1.8661 -0.065043 -0.090927 2.817 -0.38805 -0.14269
-0.037924 -0.26584 -0.51447 -0.37513 -1.0604 0.86048 -0.06792 -0.52267 -0.60195 0.40336
1.7335 0.36088 1.6796 1.1623 -0.02347 -0.28591 -0.099555 3.0279 -0.38805 -0.14269
3.8825 1.1903 5.2064 0.97527 2.1347 0.17289 -0.10243 0.04256 -0.38805 -0.14269
-0.21059 1.2222 -0.37653 -0.059514 1.794 0.57813 -0.088051 1.02 -0.38805 -0.14269
3.8257 0.19463 0.92643 1.3415 0.93624 0.3518 -0.096679 2.0835 -0.38805 -0.14269
-0.18709 -0.59017 0.8273 -0.21634 -1.1312 -0.50143 -0.093803 1.1674 -0.38805 -0.14269
-0.16358 0.59363 0.92493 -0.21378 2.2333 0.0092608 -0.096679 0.6234 -0.38805 -0.14269
0.68766 -0.26584 -0.64185 -0.42383 -1.0604 1.1966 -0.065044 0.02451 1.6727 -1.2142
-0.23805 1.2838 0.5001 0.24414 2.0919 -0.16433 -0.099555 -1.2786 -0.38805 -0.14269
-0.15436 1.3129 1.3633 0.32592 2.7732 0.02453 -0.099555 3.0279 -0.38805 -0.14269
-0.19633 0.96262 -0.002851 -0.40991 1.8661 0.30917 -0.093803 2.501 -0.38805 -0.14269
-0.28342 1.4006 0.094171 0.38965 1.9207 0.49755 -0.099555 -0.75505 -0.38805 -0.14269
0.24959 -0.26584 -0.61949 -0.45045 -1.0604 1.1966 -0.056416 0.47847 1.6727 -1.2142
-0.19395 0.62268 -0.80906 5.8233 1.6098 -0.27185 -0.10531 -0.41425 -0.38805 -0.14269
-0.123 1.2564 0.80673 0.44719 2.0919 0.33078 -0.10243 -0.83142 -0.38805 -0.14269
-0.20128 -0.29618 0.20028 -0.14368 -0.15395 -0.75754 -0.099555 3.1022 -0.38805 -0.14269
5.3289 0.35811 -0.85054 0.74656 1.011 -0.054143 -0.10437 4.7669 -0.39468 -0.15855
-0.20766 -0.27497 0.24025 -0.13418 -0.13102 -0.72783 -0.10437 3.0669 -0.39468 -0.15855
-0.13167 1.2294 0.37257 0.63643 2.0319 0.39849 -0.10726 -1.0666 -0.39468 -0.15855
-0.1699 0.63596 1.3846 -0.18901 2.1943 0.071602 -0.10148 0.15468 -0.39468 -0.15855
-0.048899 -0.24486 -0.50764 -0.36582 -0.99336 0.82106 -0.07258 -0.43279 -0.60639 0.43688
1.7958 0.7056 -0.06218 1.3393 1.5372 0.14874 -0.10726 -0.89573 -0.39468 -0.15855
-0.24314 1.2531 -0.064217 0.13374 2.0319 -0.096712 -0.10437 -0.88442 -0.39468 -0.15855
0.2466 -0.24486 -0.56648 -0.41462 -0.99336 1.1638 -0.058132 0.49278 1.6937 -1.2156
1.2743 1.069 3.5723 0.17156 2.441 0.15324 -0.10726 0.22754 -0.39468 -0.15855
-0.19379 1.9161 -0.81686 4.2053 1.8597 0.67284 -0.11015 -0.32811 -0.39468 -0.15855
-0.20054 0.63804 -0.8159 6.2757 1.6179 -0.23143 -0.11015 -0.32811 -0.39468 -0.15855
-0.2814 1.245 -0.036534 1.8123 1.9106 0.087215 -0.10148 0.35161 -0.39468 -0.15855
-0.21448 1.1389 0.74894 0.32754 2.3021 0.29784 -0.098588 0.7268 -0.39468 -0.15855
-0.09691 1.7205 1.4795 -0.52033 2.7756 0.2406 -0.10726 1.1644 -0.39468 -0.15855
1.7113 1.4412 4.9482 -0.52777 2.441 0.26249 -0.10726 1.8887 -0.39468 -0.15855
-0.18218 0.40195 4.1571 -0.52814 0.82078 -0.13532 -0.10726 1.95 -0.39468 -0.15855
1.7133 0.7056 0.25344 0.51764 1.5372 0.14874 -0.10437 0.091693 -0.39468 -0.15855
-0.19995 0.90325 0.22555 -0.38196 1.8597 0.35308 -0.095698 2.0844 -0.39468 -0.15855
-0.28759 1.3523 0.391 0.41728 1.9106 0.37692 -0.10148 -0.54075 -0.39468 -0.15855
-0.20485 1.4796 -0.12283 0.19947 1.8597 0.60061 -0.10437 0.67369 -0.39468 -0.15855
-0.21253 -0.10507 2.9777 0.75961 2.0677 0.12956 -0.10726 1.5281 -0.39468 -0.15855
-0.19372 -0.5479 0.38992 -0.24228 -1.0416 -0.49092 -0.098588 0.92081 -0.39468 -0.15855
1.6727 0.35698 1.265 0.75805 0.024452 -0.24803 -0.10148 2.1984 -0.39468 -0.15855
4.4074 1.5843 -0.2903 0.12685 1.6328 0.66678 -0.084139 0.60016 -0.39468 -0.15855
-0.2167 1.245 -0.40649 -0.14667 1.7717 0.63161 -0.089919 0.88346 -0.39468 -0.15855
-0.15407 0.32438 0.50899 0.19184 1.9106 -0.024766 -0.095698 2.2944 -0.39468 -0.15855
-0.30286 1.0855 4.2671 0.70007 2.3021 -0.44924 -0.10726 2.1092 -0.39468 -0.15855
-0.13964 1.1854 4.8699 0.75681 2.3666 -0.005809 -0.10726 1.95 -0.39468 -0.15855
0.31791 -0.24486 -0.70606 -0.49125 -0.99336 0.82106 -0.020565 -0.48276 -0.60639 0.43688
0.77505 -0.24486 -0.60655 -0.40215 -0.99336 1.1638 -0.063911 0.0022004 1.6937 -1.2156
3.706 0.22665 1.0001 0.93495 0.99058 0.38393 -0.10148 2.0834 -0.39468 -0.15855
-0.24365 1.2478 0.1281 0.25737 1.9179 0.47604 -0.096937 -0.74009 -0.46309 -0.093616
0.069497 -0.20502 -0.45704 -0.27096 -0.92477 0.73711 -0.075733 -0.37053 -0.64886 0.49151
-0.1822 0.69502 0.95184 -0.2253 2.2301 0.15843 -0.10602 -0.080785 -0.46309 -0.093616
5.1107 0.33053 0.049931 1.4507 1.0644 -0.078633 -0.090878 0.68335 -0.46309 -0.093616
4.4481 0.93529 -0.52208 -0.06668 1.0804 0.45742 -0.0515 0.35638 -0.46309 -0.093616
-0.22338 -0.057527 1.4465 0.77469 2.0492 0.23582 -0.10905 0.16081 -0.46309 -0.093616
-0.2526 1.1941 -0.075298 0.13987 2.1136 -0.025319 -0.10905 -0.72293 -0.46309 -0.093616
-0.14531 1.2202 0.3555 0.72191 2.1136 0.46215 -0.11208 -0.87371 -0.46309 -0.093616
1.7118 0.67924 2.0491 1.1432 1.6315 0.25949 -0.10905 -0.80553 -0.46309 -0.093616
-0.22724 1.2338 -0.4059 -0.26695 1.779 0.73245 -0.093908 0.40173 -0.46309 -0.093616
0.88033 0.7552 5.7745 -0.34788 2.0803 -0.40526 -0.11208 1.501 -0.46309 -0.093616
-0.21502 1.4317 0.26409 0.47556 1.8954 0.68263 -0.10905 0.18691 -0.46309 -0.093616
-0.3003 1.4656 -0.83855 0.88999 1.5718 0.39867 -0.081791 -0.95201 -0.46309 -0.093616
-0.23883 1.3258 -0.81762 4.6375 1.9414 -0.0090609 -0.11511 -0.95201 -0.46309 -0.093616
0.82546 -0.20502 -0.60793 -0.39849 -0.92477 1.085 -0.081791 0.010833 1.6213 -1.1329
-0.1537 1.5717 -0.51683 2.1078 1.8148 0.8374 -0.10602 -0.82953 -0.46309 -0.093616
3.5651 0.27662 0.46318 -0.02858 1.0452 0.39086 -0.099966 0.3906 -0.46309 -0.093616
-0.20465 0.065775 -0.43418 2.6768 0.78811 0.097833 -0.10602 -0.75139 -0.46309 -0.093616
0.074972 -0.20502 -0.36016 -0.36865 -0.92477 1.085 -0.078762 0.35163 1.6213 -1.1329
-0.19115 0.42427 0.72467 0.7393 0.84691 -0.10597 -0.10905 0.33539 -0.46309 -0.093616
5.1093 0.84441 -0.83756 6.9582 2.0492 -0.23083 -0.10905 -1.5225 -0.46309 -0.093616
1.6291 0.67924 0.42862 0.38107 1.6315 0.25949 -0.10602 -0.17433 -0.46309 -0.093616
4.4238 1.2202 -0.10365 0.90636 2.0803 0.34223 -0.10299 -0.74112 -0.46309 -0.093616
-0.11185 1.6029 4.5886 0.3852 2.7185 0.38534 -0.11208 0.33112 -0.46309 -0.093616
4.3598 1.4898 -0.50045 0.11493 1.6712 0.74909 -0.081791 0.19333 -0.46309 -0.093616
-0.17569 0.63685 -0.59051 1.1797 1.5607 -0.058089 -0.099966 -0.82665 -0.46309 -0.093616
-0.20794 1.587 -0.49146 0.72485 2.2761 0.48881 -0.10602 -0.77964 -0.46309 -0.093616
-0.2942 0.10025 -0.62859 5.2292 2.6107 -0.42995 -0.10602 -1.0946 -0.46309 -0.093616
0.81026 1.1637 0.98977 0.64594 2.5227 0.15278 -0.10602 -1.2162 -0.46309 -0.093616
-0.23522 -0.26191 0.37834 0.54297 -0.15077 -0.6001 -0.10299 0.36016 -0.46309 -0.093616
1.5921 0.34467 0.17469 0.51912 0.075902 -0.18586 -0.093908 0.26156 -0.46309 -0.093616
-0.16694 0.31015 0.72436 -0.06361 2.0199 -0.0053242 -0.10299 1.4708 -0.46309 -0.093616
-0.20885 0.94588 0.12806 -0.2969 1.9662 0.44243 -0.096937 1.1371 -0.46309 -0.093616
0.27239 -0.20502 -0.68865 -0.47947 -0.92477 0.73711 -0.0060624 -0.41251 -0.64886 0.49151
-0.14811 1.1464 0.56158 0.86766 2.327 0.1106 -0.10905 0.2855 -0.46309 -0.093616
-0.205 -0.4981 0.26471 -0.20312 -0.96436 -0.46235 -0.096937 0.27876 -0.46309 -0.093616
1.2079 0.99496 3.5114 0.17786 2.6107 0.21862 -0.11208 0.19732 -0.46309 -0.093616
-0.28888 1.2851 -0.26294 -0.24847 1.8534 0.21822 -0.099966 -0.31808 -0.46309 -0.093616
5.1095 1.255 -0.58922 -0.18036 1.5187 0.62071 -0.045441 -0.31425 -0.46309 -0.093616
0.022608 -0.61188 0.78107 0.68092 0.74169 -0.20112 -0.10602 -0.91286 -0.46309 -0.093616
0.13398 0.52991 1.4473 1.8659 2.4483 -0.91671 -0.10602 -0.86324 -0.46309 -0.093616
1.2921 0.50068 1.2727 2.6197 2.327 -0.33265 -0.10602 -0.57797 -0.46309 -0.093616
-0.22539 1.1243 0.13701 0.3038 2.1881 0.30233 -0.093908 -0.083945 -0.46309 -0.093616
1.5326 0.40209 -0.34695 -0.15715 0.15141 -0.12509 -0.095728 0.22665 -0.52384 -0.01098
-0.15564 1.0503 0.91128 0.32558 2.2743 0.19223 -0.10451 0.21037 -0.52384 -0.01098
3.4466 0.31799 -0.070654 0.01387 1.1218 0.54196 -0.10158 0.33878 -0.52384 -0.01098
0.028354 -0.13609 -0.39746 -0.34913 -0.84384 1.0689 -0.075227 0.19257 1.5538 -1.0212
-0.21066 1.4307 -0.49333 0.31669 2.1356 0.67895 -0.095728 -0.84844 -0.52384 -0.01098
1.5682 0.74023 0.48482 0.37273 1.6478 0.33323 -0.10451 -0.1521 -0.52384 -0.01098
-0.22775 1.1367 0.081953 -0.31006 2.2743 0.35786 -0.095728 -0.073565 -0.52384 -0.01098
-0.22542 -0.016516 1.1055 0.60717 1.9204 0.23091 -0.10451 -0.15343 -0.52384 -0.01098
-0.080883 -0.13609 0.012953 -0.097875 -0.84384 0.0083058 -0.10158 -0.16539 -0.45873 -0.22334
0.77451 1.2917 -0.81335 0.492 2.6086 0.20824 -0.10744 -1.0574 -0.52384 -0.01098
0.12042 0.46421 -0.25787 1.3896 2.4698 -0.81849 -0.10451 -0.79089 -0.52384 -0.01098
-0.18586 0.73654 1.0354 -0.1845 2.3163 0.33201 -0.10451 -0.070818 -0.52384 -0.01098
3.8938 1.4307 -0.36138 0.17753 1.7446 0.81403 -0.078156 0.092772 -0.52384 -0.01098
-0.22922 1.278 -0.35232 -0.22938 1.8658 0.80142 -0.095728 0.23026 -0.52384 -0.01098
0.012475 -0.50492 0.85569 0.72931 0.82185 -0.20861 -0.10451 -0.79383 -0.52384 -0.01098
-0.17113 0.34875 0.26248 -0.021453 2.1064 0.049014 -0.10744 1.2774 -0.52384 -0.01098
1.2858 0.47783 -0.41046 1.3774 1.7314 -0.29005 -0.10158 -0.71442 -0.52384 -0.01098
-0.14935 1.278 0.10846 0.59257 2.0788 0.5792 -0.10451 -0.85571 -0.52384 -0.01098
4.9382 0.83102 -0.58372 4.4752 2.0528 -0.12955 -0.098656 -1.1376 -0.52384 -0.01098
4.7104 1.1464 -0.027327 0.67698 2.0788 0.43752 -0.092799 -0.63302 -0.52384 -0.01098
-0.24004 -0.18204 -0.80362 0.53984 -0.13201 -0.57661 -0.10451 0.31233 -0.52384 -0.01098
-0.25406 1.0913 -0.090021 0.24162 1.9401 -0.058952 -0.10451 -0.75792 -0.52384 -0.01098
3.86 0.99561 -0.56786 -0.064226 1.1561 0.53643 -0.051798 0.1438 -0.52384 -0.01098
-0.2076 0.14859 -0.4231 2.7419 0.85244 0.15907 -0.10451 -0.65352 -0.52384 -0.01098
4.9387 1.2457 -0.57674 -0.27707 1.523 0.71026 -0.02837 -0.38969 -0.52384 -0.01098
-0.11774 1.6249 4.8623 0.43111 2.8041 0.43776 -0.11037 0.28709 -0.52384 -0.01098
-0.19453 0.47097 0.79634 0.78817 0.92502 -0.047805 -0.10744 0.29081 -0.52384 -0.01098
-0.28891 1.2648 -0.25783 -0.22789 1.9015 0.41486 -0.098656 -0.36134 -0.52384 -0.01098
-0.2407 1.4117 -0.82659 4.719 2.028 0.049513 -0.1133 -0.82785 -0.52384 -0.01098
-0.17955 0.65048 -0.58761 1.2322 1.616 0.0051466 -0.098656 -0.71892 -0.52384 -0.01098
-0.19782 1.0465 0.60063 -0.2546 2.0528 0.49803 -0.10451 0.98747 -0.52384 -0.01098
0.84327 0.76901 0.46873 1.5237 2.0788 -0.29208 -0.11037 0.42791 -0.52384 -0.01098
-0.18009 1.4823 -0.48173 1.2602 1.8014 0.92836 -0.095728 -0.53046 -0.52384 -0.01098
1.614 1.4714 1.3756 0.8188 2.5342 0.44659 -0.10744 0.46029 -0.52384 -0.01098
4.94 0.3883 -0.81462 1.5055 1.1681 -0.0091622 -0.098656 0.59316 -0.52384 -0.01098
1.6485 0.74023 2.6695 0.9577 1.6478 0.33323 -0.10744 -0.76332 -0.52384 -0.01098
0.72493 -0.13609 -0.60537 -0.29892 -0.84384 1.0689 -0.078156 -0.044537 1.5538 -1.0212
-0.21712 1.5411 0.47032 0.52223 2.028 0.73485 -0.11037 0.16179 -0.52384 -0.01098
0.31794 -0.13609 -0.71287 -0.44167 -0.84384 0.70317 -0.022512 -0.36309 -0.70634 0.56507
-0.17808 1.2156 1.0399 0.49683 2.6086 0.21341 -0.10451 0.77365 -0.52384 -0.01098
-0.2079 -0.40051 0.36765 -0.20851 -0.88649 -0.43869 -0.10158 0.2416 -0.52384 -0.01098
-0.24537 1.2042 0.16858 0.31704 2.0045 0.53165 -0.095728 -0.6437 -0.52384 -0.01098
-0.30023 1.4934 -0.84862 0.94013 1.6589 0.45425 -0.081085 -0.82785 -0.52384 -0.01098
-0.21319 0.23475 -0.42691 3.4835 0.9114 0.1944 -0.098113 -0.58032 -0.5532 0.030585
-0.2352 1.4482 -0.41141 -0.209 1.955 0.88559 -0.094997 0.22559 -0.5532 0.030585
-0.21355 -0.32423 0.22268 -0.21571 -0.80365 -0.31994 -0.098113 0.23592 -0.5532 0.030585
-0.19986 0.52307 0.81106 0.67015 0.96101 0.059413 -0.10123 0.28079 -0.5532 0.030585
1.3104 0.50401 -0.41408 1.5735 1.8209 -0.17573 -0.094997 -0.63585 -0.5532 0.030585
-0.21631 1.4234 -0.5061 0.30895 2.1676 0.80232 -0.085648 -0.65428 -0.5532 0.030585
4.0639 1.0284 -0.57261 -0.22465 1.2352 0.63764 -0.032673 0.13244 -0.5532 0.030585
-0.30167 0.26759 -0.6346 5.9424 2.7839 -0.25563 -0.098113 -0.8523 -0.5532 0.030585
-0.15341 1.4077 -0.25933 0.72238 2.1676 0.66803 -0.10123 -0.76468 -0.5532 0.030585
1.6838 0.76684 0.93216 0.33874 1.6957 0.44358 -0.10435 -0.68044 -0.5532 0.030585
1.6452 1.5331 1.3992 0.65667 2.622 0.54196 -0.10123 0.43535 -0.5532 0.030585
-0.23158 0.056978 -0.26625 0.71904 1.9907 0.34061 -0.10123 -0.12429 -0.5532 0.030585
-0.23948 -0.32423 1.6097 2.8258 -0.80365 -0.31994 -0.10435 0.6128 -0.5532 0.030585
-0.16018 1.14 0.92775 0.40666 2.3627 0.29685 -0.098113 0.20745 -0.5532 0.030585
0.097995 -0.08014 -0.48749 -0.19309 -0.61112 0.7678 -0.066951 -0.33392 -0.73803 0.63844
-0.26059 1.0701 -0.088771 0.31352 2.0096 0.11461 -0.098113 -0.67551 -0.5532 0.030585
3.5279 0.4052 0.37444 0.13655 1.2163 0.64593 -0.091881 0.2965 -0.5532 0.030585
5.0386 0.4072 -0.82438 1.7156 1.1982 0.096923 -0.091881 0.5565 -0.5532 0.030585
1.5977 0.76684 0.9095 0.23483 1.6957 0.44358 -0.094997 -0.084032 -0.5532 0.030585
-0.24316 1.3242 0.015837 0.19201 2.1676 0.62188 -0.091881 -0.57136 -0.5532 0.030585
-0.18308 1.2497 1.0583 0.59664 2.6962 0.31297 -0.098113 0.72109 -0.5532 0.030585
-0.31735 1.1648 5.1973 0.012555 2.5578 -0.18435 -0.10435 0.92536 -0.5532 0.030585
5.1961 1.0769 -0.032153 0.20253 2.1416 0.54783 -0.082532 -0.50305 -0.5532 0.030585
-0.2339 1.205 0.32043 -0.13186 2.3242 0.47189 -0.088765 -0.049764 -0.5532 0.030585
-0.22077 1.627 -0.89278 0.58451 2.1169 0.82093 -0.10746 0.16315 -0.5532 0.030585
5.0371 1.3436 -0.67453 -0.27067 1.5883 0.80814 -0.02644 -0.31625 -0.5532 0.030585
3.2341 1.4838 -0.32406 0.11857 1.8341 0.95835 -0.079416 0.092201 -0.5532 0.030585
0.7231 -0.08014 -0.62735 -0.29125 -0.61112 1.1495 -0.070067 -0.079862 1.5618 -0.98532
1.5633 0.48417 -0.012056 -0.020188 0.23708 -0.01559 -0.085648 0.19662 -0.5532 0.030585
-0.24628 -0.12233 -0.81321 0.64435 -0.12573 -0.50424 -0.098113 0.30042 -0.5532 0.030585
0.78856 1.205 0.38835 0.36525 2.622 0.3461 -0.098113 -0.76577 -0.5532 0.030585
0.38515 -0.08014 -0.63155 -0.40151 -0.61112 0.7678 -0.017092 -0.32483 -0.73803 0.63844
-0.24696 1.3852 -0.83653 5.2806 2.1169 0.15388 -0.10746 -0.73928 -0.5532 0.030585
-0.20287 1.0945 0.61598 -0.12406 2.1169 0.60982 -0.094997 0.75293 -0.5532 0.030585
-0.30769 1.5547 -0.8589 1.0884 1.7486 0.54674 -0.073183 -0.73928 -0.5532 0.030585
-0.29635 1.3638 -0.48503 -0.24931 1.9218 0.54141 -0.088765 -0.24733 -0.5532 0.030585
-0.030804 -0.08014 -0.41383 -0.34184 -0.61112 1.1495 -0.0763 0.19122 1.5618 -0.98532
0.12147 0.46991 -0.25917 1.5871 2.5578 -0.68867 -0.098113 -0.70558 -0.5532 0.030585
-0.17593 0.3973 0.68059 0.1049 2.1416 0.17219 -0.094997 0.92229 -0.5532 0.030585
-0.19 0.80921 1.0301 -0.31495 2.4046 0.42809 -0.10123 -0.048962 -0.5532 0.030585
-0.18457 0.65609 -0.59392 -0.40865 1.6761 0.11809 -0.091881 -0.63995 -0.5532 0.030585
-0.18873 1.4746 -0.4885 0.69929 1.8616 1.0197 -0.085648 -0.41389 -0.5532 0.030585
5.0367 0.93347 -0.58997 3.9282 2.1416 -0.019936 -0.091881 -1.0217 -0.5532 0.030585
0.85877 0.82561 0.40423 1.1985 2.0292 -0.092861 -0.098113 0.22971 -0.5532 0.030585
